98.0 2.0 2.0 8.0 2.0 -10.0 -3.0 1.0 4.0 -8.0 7.0 7.0 -6.0 -5.0 5.0 -8.0 9.0 4.0 -4.0 -9.0 7.0 8.0 5.0 5.0 -2.0 -1.0 -7.0 -3.0 -2.0 6.0 -9.0 8.0 -2.0 7.0 1.0 1.0 3.0 1.0 -3.0 -1.0 2.0 -4.0 4.0 8.0 9.0 8.0 5.0 3.0 -7.0 -9.0 -8.0 -6.0 5.0 7.0 2.0 -2.0 -9.0 -6.0 4.0 -5.0 3.0 8.0 -10.0 7.0 -1.0 3.0 -4.0 -8.0 -5.0 2.0 -6.0 4.0 0.0 8.0 3.0 2.0 -9.0 -4.0 -2.0 9.0 -10.0 -4.0 0.0 -8.0 -6.0 7.0 0.0 -2.0 -7.0 8.0 -8.0 -4.0 -2.0 -3.0 -2.0 -9.0 -7.0 9.0 4.0 -7.0 -13.0
-5.0 79.0 0.0 8.0 6.0 -3.0 -5.0 3.0 -7.0 -3.0 2.0 -8.0 2.0 -6.0 -1.0 -2.0 -2.0 -2.0 2.0 -1.0 -4.0 -4.0 -3.0 0.0 2.0 -5.0 -4.0 7.0 3.0 -6.0 -4.0 3.0 -3.0 -1.0 5.0 -3.0 -8.0 -4.0 -1.0 1.0 0.0 -4.0 1.0 2.0 9.0 -1.0 -10.0 -5.0 -10.0 -1.0 -9.0 -9.0 6.0 2.0 -6.0 -6.0 1.0 1.0 -10.0 -3.0 0.0 2.0 -1.0 -7.0 -4.0 5.0 3.0 5.0 6.0 -9.0 9.0 -3.0 9.0 0.0 -6.0 -1.0 2.0 6.0 -9.0 0.0 8.0 9.0 -2.0 1.0 -8.0 4.0 1.0 2.0 6.0 6.0 -7.0 -8.0 -5.0 4.0 -9.0 0.0 6.0 1.0 6.0 5.0 -3.0
-7.0 9.0 68.0 -2.0 1.0 4.0 -6.0 -7.0 4.0 -1.0 -5.0 1.0 -3.0 6.0 4.0 8.0 -7.0 -10.0 -3.0 -9.0 -8.0 -4.0 9.0 0.0 1.0 -5.0 2.0 2.0 5.0 -5.0 1.0 4.0 7.0 5.0 0.0 -9.0 -2.0 5.0 -9.0 -7.0 1.0 -3.0 8.0 1.0 -1.0 -1.0 5.0 1.0 9.0 -2.0 5.0 -6.0 -5.0 7.0 2.0 9.0 -6.0 2.0 -7.0 0.0 -4.0 7.0 -9.0 -2.0 -2.0 1.0 -10.0 -5.0 0.0 1.0 7.0 -7.0 9.0 4.0 -7.0 -6.0 3.0 -10.0 5.0 -9.0 -3.0 -6.0 4.0 4.0 -1.0 -8.0 -10.0 7.0 -9.0 -7.0 -6.0 -7.0 -3.0 -10.0 -9.0 6.0 -10.0 -8.0 7.0 -9.0 -10.0
1.0 -5.0 -3.0 83.0 6.0 -2.0 -10.0 1.0 9.0 -1.0 -1.0 -3.0 -6.0 -3.0 -8.0 5.0 7.0 9.0 -7.0 4.0 -6.0 1.0 5.0 5.0 -2.0 2.0 9.0 1.0 7.0 5.0 -4.0 3.0 -9.0 3.0 6.0 5.0 0.0 8.0 5.0 -1.0 4.0 4.0 5.0 -2.0 9.0 2.0 -9.0 3.0 6.0 -1.0 -9.0 0.0 -9.0 0.0 -6.0 -9.0 -6.0 -6.0 9.0 2.0 5.0 2.0 0.0 2.0 -7.0 -10.0 -4.0 4.0 -1.0 -10.0 -2.0 -10.0 1.0 -7.0 0.0 -9.0 -10.0 5.0 -7.0 6.0 0.0 6.0 -5.0 -5.0 -3.0 3.0 -9.0 3.0 1.0 -7.0 5.0 -2.0 -10.0 5.0 6.0 4.0 7.0 -6.0 4.0 4.0 -39.0
7.0 -8.0 1.0 7.0 63.0 9.0 2.0 -5.0 -8.0 7.0 -10.0 -8.0 8.0 -6.0 7.0 9.0 -9.0 6.0 -8.0 4.0 6.0 7.0 -5.0 0.0 -8.0 -8.0 6.0 -3.0 -9.0 -7.0 -8.0 -10.0 2.0 9.0 1.0 0.0 9.0 5.0 -4.0 -4.0 3.0 6.0 7.0 -5.0 9.0 0.0 -4.0 -6.0 -3.0 -3.0 -1.0 3.0 6.0 0.0 -7.0 -8.0 0.0 -4.0 -3.0 8.0 -7.0 -1.0 8.0 2.0 -4.0 3.0 -6.0 1.0 -4.0 3.0 4.0 7.0 4.0 -10.0 -3.0 4.0 3.0 9.0 -1.0 -4.0 -8.0 1.0 5.0 -2.0 0.0 -8.0 2.0 7.0 -10.0 -8.0 -4.0 1.0 -4.0 -5.0 1.0 7.0 -10.0 8.0 -2.0 -10.0 -12.0
-7.0 0.0 3.0 -8.0 3.0 71.0 1.0 7.0 4.0 6.0 8.0 -8.0 1.0 8.0 -5.0 0.0 -9.0 5.0 5.0 1.0 -3.0 -9.0 4.0 -7.0 2.0 -6.0 4.0 3.0 -6.0 -7.0 3.0 -1.0 -2.0 -9.0 2.0 -7.0 8.0 -4.0 -6.0 6.0 -3.0 4.0 -5.0 3.0 4.0 -1.0 7.0 -6.0 6.0 -6.0 8.0 -2.0 0.0 5.0 9.0 -9.0 -3.0 -9.0 -9.0 -5.0 0.0 -8.0 9.0 0.0 -7.0 -3.0 -7.0 5.0 1.0 -1.0 -9.0 3.0 -5.0 3.0 -1.0 -2.0 -6.0 -6.0 -9.0 0.0 5.0 -1.0 -10.0 -9.0 2.0 -5.0 7.0 -7.0 -9.0 -8.0 -5.0 8.0 -2.0 3.0 -6.0 6.0 5.0 5.0 -8.0 -6.0 1.0
-4.0 -10.0 7.0 -7.0 8.0 7.0 88.0 0.0 5.0 9.0 6.0 -9.0 -9.0 1.0 -4.0 0.0 -1.0 -6.0 -5.0 7.0 -6.0 -8.0 1.0 -1.0 8.0 -2.0 -1.0 -2.0 -4.0 8.0 1.0 -1.0 -10.0 3.0 0.0 3.0 2.0 4.0 -5.0 -7.0 8.0 1.0 2.0 7.0 2.0 -3.0 -3.0 6.0 6.0 7.0 6.0 4.0 -2.0 -4.0 -3.0 3.0 -7.0 -4.0 7.0 -7.0 -5.0 -7.0 3.0 -8.0 -7.0 4.0 -9.0 8.0 8.0 7.0 -10.0 5.0 4.0 2.0 9.0 2.0 2.0 2.0 -6.0 -3.0 -10.0 -6.0 -7.0 0.0 5.0 -5.0 3.0 1.0 -7.0 -8.0 -4.0 4.0 0.0 9.0 -8.0 8.0 5.0 4.0 1.0 -4.0 -19.0
-3.0 9.0 2.0 2.0 -4.0 -1.0 -7.0 75.0 0.0 2.0 -2.0 2.0 1.0 -5.0 2.0 4.0 -8.0 4.0 -6.0 5.0 -5.0 9.0 4.0 -5.0 7.0 9.0 0.0 -6.0 9.0 7.0 -8.0 -7.0 -2.0 4.0 -9.0 -6.0 -6.0 0.0 3.0 2.0 -6.0 2.0 -9.0 -2.0 7.0 8.0 1.0 2.0 -7.0 -10.0 8.0 -3.0 9.0 -1.0 -3.0 6.0 -5.0 1.0 1.0 0.0 -10.0 -1.0 -1.0 5.0 8.0 6.0 -8.0 -7.0 2.0 -9.0 1.0 -5.0 -9.0 -9.0 -8.0 -1.0 5.0 -7.0 -10.0 -4.0 2.0 -8.0 -8.0 -10.0 3.0 5.0 9.0 -9.0 -7.0 -6.0 5.0 1.0 1.0 9.0 6.0 4.0 -7.0 8.0 -8.0 4.0 2.0
7.0 6.0 -4.0 7.0 -10.0 7.0 2.0 9.0 56.0 -4.0 7.0 -6.0 -9.0 -1.0 -7.0 -2.0 5.0 6.0 2.0 -7.0 1.0 -7.0 -4.0 7.0 -4.0 -3.0 -8.0 2.0 6.0 9.0 8.0 9.0 -10.0 3.0 8.0 -1.0 3.0 -7.0 5.0 2.0 -2.0 4.0 8.0 6.0 4.0 -8.0 -10.0 5.0 2.0 8.0 -1.0 -7.0 -3.0 1.0 -10.0 -5.0 -10.0 -10.0 -1.0 -3.0 5.0 5.0 -10.0 7.0 -10.0 1.0 4.0 1.0 -8.0 8.0 -3.0 1.0 -2.0 -8.0 -2.0 -10.0 4.0 -7.0 5.0 6.0 9.0 6.0 6.0 -4.0 2.0 8.0 -6.0 -1.0 4.0 4.0 8.0 -5.0 0.0 0.0 -1.0 7.0 -1.0 2.0 0.0 -1.0 30.0
-4.0 -6.0 -7.0 9.0 6.0 7.0 -4.0 9.0 -8.0 98.0 4.0 -1.0 -10.0 -8.0 -2.0 0.0 7.0 6.0 -3.0 -7.0 -2.0 8.0 -9.0 -6.0 -10.0 -8.0 5.0 -4.0 7.0 3.0 -8.0 -8.0 -6.0 -8.0 8.0 -2.0 -10.0 5.0 9.0 4.0 8.0 6.0 8.0 4.0 -9.0 8.0 -6.0 3.0 -2.0 -3.0 -3.0 7.0 -4.0 -2.0 -10.0 -7.0 -5.0 3.0 -6.0 2.0 -7.0 -7.0 -4.0 -1.0 -6.0 -3.0 -6.0 0.0 4.0 9.0 -2.0 0.0 -4.0 -7.0 3.0 2.0 5.0 1.0 -6.0 -4.0 5.0 -6.0 8.0 5.0 -2.0 8.0 4.0 -6.0 4.0 -4.0 -7.0 7.0 9.0 1.0 2.0 9.0 -7.0 1.0 5.0 9.0 -50.0
4.0 9.0 0.0 8.0 4.0 -5.0 4.0 0.0 5.0 -8.0 81.0 5.0 0.0 -4.0 7.0 8.0 -1.0 -2.0 -6.0 -10.0 -5.0 -3.0 7.0 -6.0 7.0 -2.0 -1.0 4.0 -6.0 -1.0 3.0 -7.0 8.0 -6.0 4.0 2.0 3.0 3.0 -3.0 4.0 6.0 3.0 9.0 -1.0 5.0 -10.0 -6.0 2.0 6.0 -9.0 -5.0 7.0 -2.0 7.0 9.0 -5.0 7.0 5.0 -3.0 6.0 1.0 4.0 -5.0 5.0 0.0 9.0 -9.0 5.0 -6.0 6.0 -3.0 4.0 2.0 2.0 9.0 3.0 9.0 3.0 -3.0 -9.0 -5.0 -1.0 2.0 -6.0 0.0 -7.0 0.0 -9.0 8.0 -4.0 0.0 -7.0 -10.0 -5.0 8.0 3.0 -8.0 2.0 1.0 -5.0 -39.0
9.0 -6.0 -7.0 -9.0 3.0 7.0 -7.0 -7.0 -6.0 3.0 -9.0 70.0 -9.0 -1.0 -2.0 -3.0 -5.0 6.0 -8.0 2.0 5.0 -10.0 8.0 -7.0 -5.0 -9.0 9.0 -3.0 -2.0 1.0 -2.0 9.0 -2.0 0.0 -3.0 -6.0 3.0 0.0 8.0 7.0 8.0 7.0 -9.0 4.0 8.0 -2.0 0.0 -2.0 4.0 4.0 3.0 -1.0 -9.0 1.0 6.0 6.0 0.0 4.0 0.0 -6.0 -7.0 -1.0 -2.0 -1.0 5.0 2.0 -3.0 -7.0 -1.0 5.0 -2.0 5.0 -8.0 -4.0 -5.0 9.0 4.0 -7.0 -1.0 -10.0 8.0 5.0 2.0 -8.0 -10.0 5.0 -5.0 -7.0 -5.0 7.0 -4.0 0.0 -2.0 8.0 -7.0 -10.0 2.0 4.0 6.0 -6.0 -2.0
-1.0 -9.0 -10.0 5.0 -7.0 -3.0 7.0 2.0 8.0 -4.0 -4.0 6.0 96.0 0.0 6.0 -4.0 -7.0 -5.0 -7.0 1.0 -3.0 9.0 7.0 -6.0 8.0 -7.0 5.0 -1.0 -4.0 4.0 -10.0 9.0 -2.0 -8.0 3.0 6.0 1.0 0.0 -9.0 9.0 8.0 -2.0 -2.0 1.0 -2.0 -8.0 -6.0 -5.0 4.0 4.0 6.0 -10.0 6.0 -9.0 2.0 -9.0 7.0 -10.0 -4.0 -6.0 9.0 5.0 -10.0 -5.0 -3.0 3.0 -9.0 -8.0 -10.0 -9.0 9.0 -2.0 9.0 -6.0 0.0 -4.0 -4.0 -4.0 -5.0 -4.0 -10.0 6.0 -4.0 -2.0 -7.0 -1.0 -10.0 -5.0 1.0 1.0 2.0 5.0 -5.0 6.0 3.0 6.0 2.0 0.0 -10.0 3.0 -29.0
-6.0 -1.0 3.0 8.0 -4.0 4.0 -1.0 1.0 8.0 -5.0 6.0 -10.0 0.0 96.0 6.0 5.0 -2.0 9.0 -6.0 -4.0 -5.0 -9.0 6.0 4.0 -8.0 7.0 7.0 -5.0 2.0 -8.0 5.0 2.0 1.0 5.0 -7.0 -4.0 -3.0 4.0 -10.0 -5.0 -7.0 -6.0 -9.0 -7.0 2.0 1.0 -4.0 7.0 5.0 -4.0 6.0 -6.0 -7.0 -7.0 -1.0 -1.0 8.0 -10.0 3.0 5.0 6.0 -4.0 2.0 2.0 2.0 7.0 1.0 -10.0 -5.0 -10.0 -5.0 9.0 -1.0 9.0 -7.0 6.0 -9.0 7.0 6.0 -3.0 8.0 6.0 -4.0 -2.0 2.0 -7.0 -1.0 4.0 -7.0 6.0 -5.0 6.0 -8.0 -8.0 8.0 -9.0 -5.0 -5.0 2.0 8.0 -12.0
5.0 8.0 8.0 9.0 6.0 2.0 6.0 -2.0 8.0 -8.0 6.0 9.0 -4.0 -2.0 89.0 -9.0 -2.0 2.0 -5.0 -3.0 0.0 7.0 6.0 7.0 -4.0 6.0 9.0 -2.0 6.0 8.0 -2.0 -9.0 -5.0 -8.0 -7.0 -8.0 6.0 -8.0 -9.0 -8.0 -1.0 -4.0 4.0 4.0 3.0 -4.0 8.0 -9.0 2.0 5.0 -3.0 -2.0 5.0 -6.0 6.0 4.0 -5.0 -5.0 9.0 6.0 -4.0 3.0 -1.0 -8.0 5.0 -9.0 -4.0 0.0 -9.0 -5.0 0.0 -8.0 -5.0 8.0 5.0 -2.0 8.0 1.0 -7.0 -8.0 -10.0 5.0 -2.0 6.0 -1.0 6.0 5.0 -4.0 -3.0 -10.0 8.0 4.0 -5.0 8.0 -9.0 -9.0 -7.0 -3.0 -2.0 0.0 -15.0
-2.0 9.0 -7.0 2.0 5.0 -2.0 3.0 9.0 -5.0 9.0 4.0 -6.0 -3.0 0.0 3.0 92.0 4.0 -9.0 4.0 8.0 -2.0 2.0 0.0 5.0 5.0 -8.0 0.0 3.0 9.0 -7.0 -3.0 -5.0 -2.0 -9.0 9.0 -1.0 8.0 -6.0 3.0 -8.0 8.0 3.0 -1.0 7.0 -7.0 -6.0 3.0 -5.0 1.0 4.0 7.0 6.0 -9.0 -4.0 3.0 -7.0 -6.0 1.0 -7.0 -9.0 6.0 -10.0 5.0 -1.0 -2.0 -6.0 -9.0 -7.0 2.0 -9.0 2.0 0.0 2.0 6.0 3.0 -9.0 6.0 7.0 2.0 -8.0 4.0 -10.0 -5.0 -2.0 3.0 3.0 0.0 7.0 9.0 -8.0 -10.0 3.0 -5.0 -10.0 0.0 -4.0 -8.0 7.0 -6.0 8.0 1.0
3.0 1.0 -7.0 8.0 -3.0 7.0 5.0 8.0 4.0 -7.0 1.0 3.0 5.0 5.0 0.0 9.0 98.0 6.0 -2.0 -1.0 -2.0 -9.0 7.0 2.0 -2.0 3.0 -10.0 3.0 9.0 -10.0 -3.0 1.0 8.0 -4.0 3.0 6.0 8.0 -9.0 -9.0 -8.0 -5.0 0.0 -6.0 3.0 -6.0 5.0 9.0 -2.0 -6.0 -4.0 4.0 1.0 -5.0 -2.0 -3.0 0.0 8.0 3.0 -3.0 -8.0 -10.0 -2.0 7.0 9.0 -5.0 3.0 -7.0 -2.0 -5.0 -9.0 -7.0 7.0 -10.0 -10.0 -6.0 4.0 2.0 5.0 6.0 7.0 -2.0 -6.0 -9.0 7.0 -10.0 -8.0 -4.0 6.0 -9.0 1.0 8.0 -7.0 -3.0 6.0 1.0 -3.0 0.0 -2.0 2.0 9.0 35.0
-10.0 1.0 0.0 -4.0 -1.0 -4.0 9.0 -2.0 8.0 6.0 0.0 -3.0 -5.0 6.0 -2.0 4.0 -3.0 58.0 -3.0 6.0 -8.0 -1.0 -10.0 -7.0 9.0 9.0 -5.0 -1.0 -6.0 -10.0 8.0 -5.0 1.0 -7.0 -3.0 2.0 1.0 -8.0 -2.0 -7.0 -8.0 -10.0 1.0 3.0 -4.0 0.0 -4.0 -3.0 -9.0 -6.0 2.0 9.0 2.0 -9.0 -5.0 7.0 -3.0 -5.0 -6.0 -5.0 -9.0 -10.0 -9.0 -5.0 6.0 0.0 1.0 4.0 7.0 8.0 9.0 0.0 -8.0 5.0 8.0 -9.0 2.0 4.0 9.0 8.0 -7.0 6.0 2.0 5.0 -3.0 3.0 -10.0 1.0 7.0 -4.0 -8.0 6.0 8.0 -4.0 -2.0 -10.0 -8.0 2.0 -1.0 -4.0 -45.0
-7.0 0.0 -8.0 -3.0 2.0 -4.0 -6.0 -5.0 5.0 -3.0 -4.0 -10.0 -7.0 8.0 0.0 4.0 -8.0 7.0 77.0 -8.0 7.0 -10.0 6.0 7.0 -7.0 0.0 -3.0 0.0 -7.0 0.0 6.0 -8.0 -6.0 5.0 -4.0 3.0 8.0 7.0 -5.0 -5.0 -9.0 8.0 -5.0 -4.0 -10.0 -2.0 -4.0 -10.0 2.0 -4.0 -2.0 -4.0 2.0 5.0 2.0 -5.0 4.0 4.0 -7.0 -10.0 -10.0 -8.0 2.0 8.0 -5.0 -7.0 -2.0 7.0 -6.0 -2.0 4.0 2.0 -9.0 -4.0 -9.0 -2.0 -6.0 7.0 2.0 -6.0 -5.0 6.0 5.0 -7.0 8.0 8.0 -4.0 -8.0 -4.0 -3.0 8.0 -9.0 3.0 4.0 -9.0 -2.0 4.0 2.0 -3.0 5.0 48.0
6.0 8.0 -10.0 -7.0 0.0 -3.0 1.0 0.0 -5.0 -3.0 2.0 -8.0 9.0 -10.0 2.0 -3.0 -10.0 -9.0 7.0 94.0 -1.0 0.0 7.0 -8.0 6.0 -8.0 -8.0 -9.0 -9.0 1.0 6.0 -7.0 -4.0 -10.0 4.0 5.0 0.0 8.0 -5.0 -8.0 -9.0 8.0 2.0 -6.0 6.0 -7.0 0.0 -8.0 9.0 -9.0 5.0 -2.0 -9.0 -6.0 -9.0 4.0 -4.0 1.0 4.0 0.0 -5.0 -4.0 -5.0 -2.0 -9.0 7.0 -4.0 8.0 -8.0 4.0 5.0 -3.0 9.0 3.0 4.0 8.0 -1.0 7.0 -1.0 6.0 -3.0 -3.0 -3.0 -3.0 4.0 7.0 -7.0 9.0 -10.0 7.0 9.0 -2.0 1.0 -3.0 6.0 -8.0 -6.0 4.0 7.0 7.0 32.0
2.0 -3.0 -4.0 3.0 7.0 4.0 -2.0 -2.0 0.0 0.0 6.0 -5.0 0.0 -10.0 -7.0 -7.0 -10.0 -7.0 -4.0 -2.0 86.0 -1.0 0.0 4.0 -1.0 3.0 -10.0 -3.0 -1.0 6.0 -7.0 6.0 -1.0 -8.0 4.0 -5.0 -9.0 -1.0 7.0 6.0 -7.0 -3.0 -2.0 -6.0 7.0 -5.0 7.0 7.0 4.0 3.0 8.0 2.0 -9.0 -9.0 -6.0 4.0 -3.0 9.0 3.0 -3.0 -5.0 3.0 4.0 0.0 4.0 -6.0 -4.0 -3.0 -7.0 2.0 -4.0 9.0 5.0 -9.0 -1.0 -5.0 -9.0 0.0 -6.0 -4.0 -1.0 -8.0 -7.0 7.0 9.0 -3.0 8.0 3.0 -10.0 5.0 7.0 9.0 9.0 6.0 5.0 7.0 3.0 0.0 8.0 6.0 24.0
7.0 -2.0 6.0 -2.0 -3.0 3.0 -10.0 -7.0 2.0 0.0 -7.0 -2.0 -9.0 0.0 7.0 -10.0 2.0 -3.0 -6.0 -8.0 -9.0 54.0 3.0 6.0 1.0 -7.0 -8.0 -9.0 -7.0 -3.0 0.0 -1.0 -7.0 1.0 4.0 -8.0 2.0 -2.0 -9.0 1.0 -2.0 -5.0 6.0 3.0 -6.0 -4.0 2.0 3.0 9.0 -7.0 4.0 -6.0 -9.0 -7.0 4.0 -8.0 5.0 -4.0 4.0 8.0 8.0 -9.0 8.0 8.0 -6.0 1.0 -9.0 -7.0 -2.0 -3.0 4.0 -9.0 -6.0 -1.0 -7.0 -2.0 -5.0 1.0 -9.0 0.0 6.0 4.0 2.0 -6.0 5.0 -3.0 -2.0 -5.0 -7.0 9.0 -2.0 -5.0 -2.0 -7.0 -10.0 3.0 9.0 4.0 -5.0 1.0 37.0
-1.0 -8.0 9.0 1.0 -5.0 -9.0 -1.0 4.0 -10.0 -8.0 0.0 -2.0 -9.0 2.0 3.0 -4.0 9.0 -6.0 -6.0 -5.0 -5.0 3.0 64.0 -3.0 -3.0 -7.0 6.0 -6.0 -9.0 0.0 -10.0 0.0 -8.0 5.0 2.0 4.0 8.0 -3.0 -8.0 -3.0 2.0 8.0 8.0 -5.0 -9.0 2.0 0.0 8.0 -10.0 -1.0 -6.0 -6.0 -3.0 8.0 -6.0 7.0 -9.0 5.0 -8.0 0.0 -5.0 0.0 -7.0 -9.0 -9.0 -6.0 7.0 1.0 -1.0 -5.0 3.0 3.0 -1.0 -8.0 3.0 2.0 2.0 -5.0 -2.0 -1.0 5.0 -9.0 -10.0 -3.0 -8.0 0.0 2.0 3.0 8.0 -8.0 1.0 -5.0 5.0 2.0 4.0 -2.0 -10.0 6.0 -10.0 0.0 -21.0
-6.0 -6.0 -6.0 -9.0 0.0 6.0 6.0 4.0 -5.0 -2.0 5.0 -9.0 -6.0 9.0 -8.0 -6.0 -5.0 3.0 -2.0 9.0 0.0 4.0 6.0 50.0 9.0 5.0 8.0 7.0 -5.0 1.0 -6.0 0.0 0.0 -5.0 4.0 -10.0 -10.0 -10.0 -2.0 0.0 -7.0 7.0 -7.0 -9.0 -7.0 1.0 1.0 -10.0 7.0 -2.0 4.0 -1.0 -3.0 -2.0 3.0 7.0 -3.0 -5.0 -8.0 8.0 3.0 0.0 6.0 0.0 -10.0 -2.0 5.0 -9.0 -10.0 2.0 3.0 -4.0 -5.0 -10.0 1.0 4.0 7.0 -4.0 2.0 3.0 1.0 -8.0 1.0 0.0 -5.0 -7.0 -2.0 0.0 7.0 -4.0 5.0 1.0 -2.0 -6.0 5.0 8.0 4.0 8.0 -10.0 4.0 -11.0
1.0 -6.0 0.0 6.0 -4.0 -5.0 -10.0 -2.0 -4.0 9.0 -4.0 -7.0 -2.0 -10.0 9.0 -2.0 9.0 -3.0 -2.0 -6.0 -5.0 6.0 -1.0 -6.0 58.0 6.0 8.0 2.0 5.0 7.0 -3.0 -10.0 -4.0 -6.0 -7.0 -5.0 6.0 -3.0 3.0 1.0 -4.0 -3.0 -9.0 -5.0 4.0 2.0 -10.0 3.0 2.0 -6.0 -8.0 9.0 3.0 5.0 4.0 -3.0 8.0 -9.0 -5.0 -8.0 -8.0 -7.0 3.0 3.0 -10.0 0.0 -9.0 -9.0 -8.0 9.0 4.0 6.0 0.0 -9.0 9.0 1.0 6.0 -9.0 -1.0 -4.0 -10.0 2.0 -2.0 5.0 -2.0 7.0 -3.0 0.0 -2.0 -10.0 -10.0 2.0 6.0 1.0 -8.0 5.0 -2.0 -1.0 7.0 2.0 9.0
-7.0 2.0 0.0 4.0 3.0 -5.0 -5.0 -1.0 -10.0 4.0 8.0 3.0 -5.0 -10.0 -1.0 2.0 -7.0 -6.0 -7.0 4.0 -3.0 0.0 7.0 9.0 -5.0 69.0 3.0 6.0 -2.0 -4.0 5.0 9.0 -9.0 6.0 6.0 9.0 -5.0 -10.0 -10.0 3.0 3.0 -8.0 8.0 7.0 1.0 5.0 8.0 -6.0 7.0 6.0 -7.0 -10.0 -3.0 -3.0 7.0 -2.0 -2.0 4.0 3.0 1.0 3.0 4.0 -4.0 -6.0 2.0 1.0 1.0 -8.0 -2.0 3.0 2.0 -9.0 -9.0 0.0 8.0 1.0 0.0 5.0 -4.0 7.0 5.0 -10.0 -3.0 6.0 0.0 -1.0 -6.0 -7.0 4.0 -10.0 6.0 7.0 2.0 -6.0 4.0 1.0 6.0 8.0 -7.0 3.0 -33.0
0.0 -6.0 0.0 -3.0 -7.0 -3.0 1.0 -5.0 3.0 4.0 -3.0 9.0 6.0 3.0 -2.0 -3.0 2.0 6.0 0.0 3.0 -6.0 0.0 -6.0 -4.0 -2.0 5.0 95.0 -7.0 7.0 -10.0 -2.0 -7.0 -1.0 -2.0 -6.0 6.0 6.0 1.0 0.0 -3.0 0.0 -3.0 9.0 6.0 1.0 6.0 -3.0 -4.0 -10.0 -1.0 6.0 -3.0 -2.0 -6.0 2.0 -6.0 -10.0 -10.0 8.0 -7.0 -1.0 0.0 4.0 -5.0 1.0 1.0 -8.0 6.0 -4.0 1.0 -1.0 0.0 -2.0 8.0 -10.0 -6.0 6.0 0.0 -6.0 -9.0 5.0 -9.0 7.0 -6.0 4.0 -5.0 6.0 6.0 -1.0 0.0 4.0 1.0 -7.0 8.0 -7.0 5.0 3.0 -8.0 -7.0 -8.0 -12.0
-10.0 7.0 -5.0 -10.0 -7.0 -5.0 1.0 3.0 6.0 5.0 2.0 -4.0 5.0 -9.0 4.0 9.0 -8.0 -4.0 3.0 2.0 3.0 -1.0 -10.0 -9.0 -7.0 -2.0 -4.0 79.0 2.0 3.0 2.0 -6.0 -9.0 5.0 -8.0 -5.0 4.0 -5.0 -7.0 3.0 0.0 4.0 -2.0 -7.0 -5.0 4.0 8.0 -3.0 -8.0 1.0 8.0 -3.0 -7.0 -9.0 2.0 7.0 -8.0 1.0 9.0 -3.0 6.0 -3.0 5.0 7.0 -10.0 -2.0 -2.0 9.0 -3.0 -5.0 -4.0 0.0 -3.0 3.0 -5.0 -4.0 9.0 -9.0 1.0 -5.0 7.0 -4.0 -5.0 0.0 1.0 4.0 -9.0 0.0 -5.0 9.0 7.0 6.0 6.0 0.0 9.0 8.0 -6.0 9.0 9.0 -8.0 -48.0
-4.0 -2.0 -4.0 -4.0 8.0 7.0 -7.0 -10.0 -4.0 -10.0 9.0 -4.0 -4.0 -1.0 2.0 -5.0 -3.0 9.0 6.0 0.0 -10.0 8.0 -5.0 4.0 8.0 8.0 9.0 -6.0 90.0 5.0 -5.0 0.0 -6.0 -2.0 6.0 -7.0 7.0 -1.0 -7.0 5.0 8.0 4.0 9.0 -2.0 -7.0 6.0 -2.0 1.0 8.0 -6.0 -5.0 6.0 -10.0 -2.0 7.0 9.0 6.0 5.0 8.0 -10.0 -7.0 -4.0 -8.0 1.0 -9.0 8.0 4.0 9.0 0.0 -3.0 -1.0 3.0 -4.0 1.0 1.0 -9.0 5.0 6.0 4.0 1.0 -7.0 5.0 2.0 -3.0 5.0 6.0 -7.0 -1.0 6.0 1.0 9.0 5.0 6.0 -10.0 -2.0 7.0 1.0 -8.0 7.0 3.0 14.0
9.0 1.0 -8.0 -2.0 -2.0 -1.0 3.0 -1.0 5.0 6.0 9.0 5.0 3.0 6.0 3.0 1.0 -1.0 8.0 -8.0 -2.0 -2.0 2.0 -4.0 -4.0 3.0 7.0 -9.0 4.0 -1.0 73.0 -10.0 -10.0 3.0 6.0 -2.0 -10.0 4.0 2.0 -10.0 8.0 -2.0 4.0 9.0 -3.0 -10.0 2.0 6.0 -9.0 -2.0 2.0 5.0 -6.0 5.0 4.0 8.0 -9.0 0.0 9.0 -7.0 -4.0 7.0 -2.0 3.0 6.0 4.0 -4.0 -2.0 1.0 -10.0 -7.0 -6.0 5.0 -7.0 -3.0 -5.0 -4.0 4.0 -2.0 3.0 -3.0 6.0 -2.0 -10.0 -9.0 -5.0 1.0 2.0 6.0 -1.0 1.0 8.0 9.0 -1.0 -6.0 4.0 -5.0 -10.0 6.0 8.0 4.0 -40.0
5.0 4.0 -5.0 5.0 1.0 -2.0 -3.0 6.0 -6.0 -1.0 7.0 4.0 -6.0 2.0 7.0 4.0 9.0 0.0 6.0 0.0 -8.0 -10.0 9.0 4.0 7.0 -7.0 1.0 8.0 -7.0 7.0 87.0 4.0 -4.0 -3.0 3.0 -8.0 5.0 3.0 -4.0 4.0 -2.0 5.0 5.0 -4.0 -4.0 -5.0 4.0 -6.0 -2.0 3.0 -1.0 -5.0 -2.0 -1.0 4.0 -3.0 5.0 -1.0 -6.0 4.0 -7.0 -9.0 -1.0 3.0 -9.0 8.0 -10.0 0.0 -3.0 -8.0 -10.0 -8.0 -2.0 0.0 2.0 -9.0 -2.0 6.0 -2.0 4.0 1.0 -4.0 -8.0 -8.0 2.0 -5.0 -5.0 6.0 -3.0 -3.0 -1.0 -3.0 -1.0 -5.0 -7.0 -2.0 2.0 3.0 7.0 3.0 -48.0
6.0 -10.0 5.0 -8.0 2.0 -9.0 -10.0 -6.0 5.0 -6.0 4.0 -2.0 -7.0 -2.0 -10.0 -10.0 2.0 -2.0 -6.0 0.0 4.0 -9.0 -2.0 -8.0 3.0 -4.0 -1.0 2.0 8.0 0.0 4.0 50.0 -3.0 3.0 -10.0 6.0 0.0 9.0 -5.0 0.0 -2.0 -8.0 -8.0 6.0 2.0 -7.0 4.0 1.0 -10.0 -6.0 8.0 -1.0 -2.0 -9.0 -9.0 3.0 2.0 -1.0 -8.0 -6.0 4.0 -4.0 -7.0 2.0 -9.0 7.0 -10.0 -2.0 9.0 0.0 5.0 7.0 -8.0 2.0 8.0 -2.0 8.0 -9.0 5.0 3.0 2.0 1.0 -9.0 6.0 7.0 -2.0 5.0 2.0 7.0 -2.0 9.0 -4.0 -4.0 6.0 1.0 1.0 -3.0 7.0 -8.0 7.0 48.0
-8.0 4.0 0.0 3.0 9.0 5.0 0.0 8.0 2.0 -7.0 -10.0 -10.0 1.0 7.0 -7.0 4.0 4.0 6.0 8.0 0.0 -4.0 9.0 -6.0 -7.0 4.0 -7.0 -8.0 -4.0 5.0 2.0 9.0 3.0 88.0 1.0 -1.0 -4.0 0.0 6.0 -10.0 -8.0 -5.0 -9.0 8.0 9.0 -3.0 7.0 -5.0 0.0 -7.0 8.0 3.0 3.0 -8.0 -3.0 0.0 -6.0 -3.0 -6.0 2.0 6.0 -1.0 7.0 -8.0 -2.0 6.0 9.0 -2.0 8.0 -2.0 -10.0 6.0 8.0 -10.0 5.0 8.0 -2.0 2.0 -7.0 -2.0 9.0 -2.0 5.0 9.0 7.0 2.0 1.0 -10.0 2.0 -2.0 2.0 -10.0 -1.0 5.0 2.0 5.0 -7.0 -1.0 -9.0 2.0 5.0 36.0
1.0 -7.0 -3.0 4.0 0.0 -10.0 -2.0 -6.0 8.0 2.0 -1.0 5.0 6.0 -5.0 -4.0 -5.0 -3.0 5.0 -4.0 -3.0 0.0 -7.0 -1.0 2.0 -10.0 -2.0 -7.0 1.0 0.0 9.0 -8.0 -8.0 -7.0 91.0 4.0 4.0 5.0 -10.0 9.0 5.0 -4.0 8.0 4.0 9.0 1.0 6.0 -2.0 3.0 -5.0 1.0 -2.0 -6.0 -6.0 1.0 4.0 -7.0 -1.0 -6.0 0.0 8.0 1.0 -4.0 -7.0 -7.0 3.0 6.0 -7.0 -4.0 8.0 4.0 1.0 7.0 -6.0 4.0 -3.0 6.0 8.0 3.0 2.0 -7.0 -1.0 -3.0 -10.0 -6.0 2.0 -9.0 -8.0 5.0 2.0 7.0 -6.0 0.0 -9.0 -5.0 -9.0 -5.0 4.0 7.0 -6.0 -6.0 -43.0
7.0 5.0 3.0 0.0 -1.0 1.0 -6.0 -8.0 -3.0 1.0 -6.0 -1.0 0.0 1.0 4.0 -7.0 -6.0 1.0 5.0 -9.0 -8.0 2.0 2.0 -6.0 7.0 -7.0 6.0 -2.0 5.0 -6.0 3.0 -3.0 -1.0 -2.0 91.0 2.0 -2.0 6.0 -9.0 0.0 9.0 -6.0 7.0 -1.0 6.0 -7.0 -3.0 5.0 8.0 -9.0 4.0 9.0 -5.0 -5.0 -4.0 0.0 0.0 -2.0 -4.0 -4.0 -8.0 5.0 2.0 -4.0 3.0 -5.0 5.0 1.0 2.0 4.0 3.0 -7.0 9.0 -8.0 -9.0 -3.0 -5.0 -9.0 -5.0 1.0 -8.0 9.0 -10.0 3.0 -8.0 -8.0 2.0 -4.0 8.0 -5.0 9.0 4.0 -1.0 3.0 7.0 9.0 1.0 -7.0 -10.0 7.0 31.0
6.0 -9.0 -1.0 -9.0 -6.0 -5.0 4.0 -6.0 7.0 -6.0 -9.0 8.0 7.0 -5.0 -1.0 7.0 6.0 0.0 8.0 9.0 5.0 4.0 3.0 -3.0 -8.0 5.0 -5.0 -7.0 1.0 9.0 5.0 -7.0 0.0 1.0 0.0 84.0 7.0 3.0 -1.0 -3.0 -7.0 0.0 6.0 -5.0 -9.0 -9.0 1.0 2.0 8.0 -5.0 5.0 -3.0 7.0 7.0 -5.0 3.0 8.0 1.0 7.0 -7.0 5.0 0.0 -8.0 -9.0 -2.0 9.0 -10.0 -10.0 -3.0 -10.0 -2.0 9.0 -8.0 5.0 -9.0 -8.0 7.0 -8.0 9.0 6.0 -3.0 8.0 -3.0 3.0 -6.0 3.0 4.0 6.0 1.0 5.0 -8.0 0.0 -6.0 4.0 -3.0 5.0 7.0 -6.0 -4.0 6.0 -43.0
-4.0 6.0 0.0 8.0 4.0 -2.0 4.0 -7.0 -8.0 0.0 7.0 4.0 -5.0 -3.0 2.0 3.0 6.0 -4.0 9.0 4.0 3.0 -7.0 -4.0 -5.0 0.0 -4.0 6.0 5.0 -10.0 9.0 -5.0 0.0 3.0 -9.0 -6.0 -4.0 71.0 -2.0 -4.0 4.0 4.0 8.0 4.0 -8.0 -3.0 0.0 -2.0 -9.0 9.0 -2.0 6.0 7.0 3.0 -8.0 6.0 -3.0 -4.0 -5.0 -3.0 6.0 -3.0 -8.0 3.0 -8.0 -8.0 -5.0 -7.0 -9.0 8.0 -3.0 -4.0 8.0 4.0 -8.0 -1.0 -5.0 5.0 3.0 -2.0 2.0 -6.0 3.0 -1.0 -8.0 -1.0 1.0 -6.0 -4.0 -8.0 -5.0 0.0 0.0 -10.0 -7.0 -3.0 -2.0 -8.0 1.0 -3.0 1.0 39.0
8.0 -10.0 6.0 -2.0 7.0 6.0 -5.0 -10.0 9.0 -7.0 3.0 6.0 -10.0 5.0 -5.0 2.0 5.0 -6.0 9.0 -7.0 6.0 2.0 -6.0 -5.0 -8.0 6.0 -1.0 7.0 7.0 4.0 -3.0 5.0 6.0 0.0 3.0 -2.0 0.0 96.0 -6.0 2.0 2.0 8.0 -1.0 -6.0 -7.0 -8.0 -1.0 -5.0 0.0 -6.0 -8.0 6.0 5.0 1.0 5.0 -7.0 9.0 9.0 6.0 7.0 -3.0 9.0 7.0 9.0 -7.0 -7.0 3.0 -4.0 1.0 -8.0 4.0 6.0 -10.0 8.0 -8.0 -1.0 -5.0 9.0 -7.0 0.0 -1.0 9.0 -2.0 -1.0 -1.0 6.0 -5.0 8.0 -6.0 -3.0 -8.0 1.0 1.0 -9.0 -5.0 8.0 -1.0 -10.0 -2.0 -6.0 -48.0
-9.0 1.0 6.0 -2.0 3.0 7.0 -7.0 -3.0 -2.0 8.0 -9.0 -2.0 9.0 -8.0 2.0 4.0 4.0 -7.0 -10.0 -8.0 -6.0 7.0 3.0 -1.0 -2.0 -7.0 -4.0 -4.0 -4.0 1.0 -10.0 8.0 -9.0 4.0 -9.0 4.0 -2.0 -3.0 60.0 -7.0 9.0 -5.0 2.0 -6.0 -7.0 0.0 -6.0 -9.0 9.0 2.0 -2.0 -2.0 2.0 -9.0 -4.0 9.0 -3.0 4.0 1.0 0.0 1.0 7.0 8.0 -2.0 -2.0 1.0 -10.0 -1.0 -7.0 -8.0 -7.0 -8.0 6.0 4.0 -5.0 5.0 7.0 5.0 2.0 5.0 0.0 -1.0 1.0 -7.0 -7.0 3.0 -3.0 -9.0 -9.0 -2.0 -8.0 8.0 -9.0 -9.0 5.0 1.0 -2.0 -4.0 9.0 -1.0 -44.0
-1.0 -6.0 -6.0 -4.0 1.0 -3.0 -10.0 -6.0 2.0 2.0 9.0 7.0 -2.0 0.0 8.0 -8.0 3.0 -4.0 4.0 -1.0 -10.0 -2.0 -3.0 -3.0 5.0 5.0 4.0 -8.0 -1.0 -4.0 -8.0 5.0 -5.0 1.0 -10.0 1.0 6.0 1.0 -6.0 99.0 -5.0 2.0 6.0 3.0 2.0 -10.0 -9.0 -2.0 4.0 4.0 -4.0 -7.0 9.0 5.0 -7.0 8.0 -4.0 -1.0 2.0 4.0 1.0 -10.0 -4.0 2.0 -5.0 -2.0 5.0 -10.0 8.0 -7.0 -4.0 0.0 -7.0 -9.0 -3.0 -7.0 -6.0 -7.0 -10.0 1.0 7.0 -8.0 7.0 -8.0 3.0 2.0 3.0 7.0 -5.0 5.0 -3.0 3.0 6.0 8.0 3.0 3.0 6.0 -2.0 -4.0 4.0 18.0
-1.0 -4.0 0.0 0.0 5.0 -6.0 5.0 4.0 9.0 -5.0 -9.0 -1.0 -6.0 1.0 6.0 8.0 1.0 -4.0 1.0 -3.0 -5.0 3.0 -2.0 9.0 -7.0 9.0 -6.0 -5.0 -4.0 6.0 7.0 8.0 -6.0 6.0 1.0 0.0 8.0 1.0 -1.0 4.0 95.0 -10.0 3.0 6.0 6.0 4.0 -6.0 7.0 -10.0 -5.0 -9.0 -2.0 -3.0 -6.0 -7.0 7.0 6.0 3.0 3.0 0.0 -6.0 -2.0 -3.0 -4.0 -10.0 2.0 -6.0 -1.0 -8.0 2.0 -3.0 8.0 -8.0 0.0 8.0 -7.0 9.0 -8.0 -6.0 2.0 4.0 -3.0 6.0 5.0 -6.0 -8.0 -4.0 4.0 9.0 -10.0 -9.0 -5.0 9.0 -6.0 7.0 -1.0 6.0 2.0 4.0 -9.0 3.0
-2.0 -5.0 4.0 0.0 -7.0 9.0 -3.0 -10.0 -5.0 3.0 -9.0 6.0 6.0 -3.0 -10.0 7.0 2.0 -9.0 -2.0 -3.0 4.0 0.0 -4.0 -4.0 -9.0 1.0 -4.0 0.0 -5.0 1.0 -10.0 -5.0 5.0 -9.0 7.0 -5.0 4.0 8.0 2.0 -2.0 0.0 77.0 -2.0 4.0 -10.0 -5.0 -3.0 5.0 1.0 -3.0 -2.0 1.0 5.0 9.0 0.0 1.0 6.0 -1.0 -10.0 1.0 -2.0 6.0 -1.0 -2.0 6.0 0.0 -7.0 -4.0 5.0 2.0 9.0 -6.0 -8.0 -6.0 -3.0 -9.0 4.0 4.0 1.0 -6.0 -7.0 7.0 8.0 9.0 5.0 4.0 0.0 3.0 -9.0 -9.0 -10.0 -9.0 -2.0 4.0 -4.0 -8.0 -9.0 9.0 4.0 1.0 47.0
2.0 0.0 0.0 7.0 -6.0 -7.0 -1.0 -8.0 -9.0 5.0 3.0 1.0 -9.0 -2.0 -6.0 2.0 -10.0 -4.0 9.0 9.0 -10.0 -9.0 9.0 5.0 -9.0 -4.0 -3.0 -8.0 2.0 1.0 -1.0 5.0 9.0 -8.0 4.0 -1.0 -8.0 7.0 6.0 -8.0 -4.0 9.0 91.0 7.0 -8.0 2.0 -8.0 -6.0 -10.0 -2.0 -8.0 -2.0 -6.0 6.0 -4.0 7.0 5.0 3.0 1.0 2.0 -6.0 -7.0 3.0 4.0 0.0 -8.0 9.0 -5.0 6.0 6.0 -8.0 -9.0 -4.0 4.0 3.0 2.0 6.0 8.0 9.0 5.0 -3.0 -8.0 -5.0 8.0 -8.0 2.0 0.0 3.0 0.0 -2.0 8.0 -7.0 4.0 5.0 9.0 1.0 1.0 -7.0 6.0 -3.0 -4.0
0.0 -4.0 6.0 5.0 3.0 8.0 -9.0 6.0 -9.0 -7.0 6.0 7.0 -8.0 -10.0 -1.0 9.0 7.0 1.0 -7.0 1.0 -6.0 1.0 -7.0 -5.0 6.0 -7.0 -5.0 5.0 -3.0 1.0 -9.0 -7.0 -7.0 -2.0 -1.0 2.0 -6.0 0.0 -10.0 -8.0 -6.0 6.0 -8.0 52.0 8.0 8.0 6.0 2.0 4.0 6.0 -9.0 7.0 -7.0 8.0 -6.0 -9.0 3.0 -2.0 2.0 -1.0 -1.0 7.0 -2.0 9.0 -5.0 3.0 -4.0 -3.0 5.0 8.0 -10.0 8.0 -3.0 -10.0 -2.0 -1.0 -6.0 5.0 7.0 -4.0 1.0 -10.0 -4.0 -7.0 7.0 -7.0 -3.0 -4.0 -8.0 -7.0 5.0 -6.0 -9.0 -9.0 -10.0 -10.0 -7.0 -2.0 -10.0 -5.0 -32.0
-7.0 -1.0 -9.0 9.0 2.0 2.0 1.0 -2.0 1.0 -7.0 -3.0 6.0 -3.0 8.0 3.0 6.0 6.0 5.0 2.0 -3.0 -6.0 -8.0 6.0 -1.0 -4.0 -8.0 1.0 -9.0 5.0 0.0 9.0 -6.0 -7.0 0.0 -4.0 8.0 2.0 -7.0 -8.0 -6.0 5.0 -4.0 -6.0 -1.0 80.0 -5.0 -3.0 7.0 3.0 5.0 -9.0 -3.0 -7.0 7.0 4.0 0.0 0.0 -8.0 -5.0 5.0 -4.0 9.0 -6.0 5.0 -6.0 -7.0 1.0 7.0 6.0 -4.0 9.0 -4.0 9.0 4.0 -7.0 -10.0 4.0 -10.0 -5.0 9.0 3.0 -4.0 -1.0 -8.0 5.0 -6.0 -6.0 -3.0 -4.0 -2.0 7.0 -8.0 -3.0 1.0 -5.0 9.0 4.0 -10.0 -6.0 5.0 -25.0
-4.0 5.0 5.0 -6.0 8.0 -7.0 -7.0 -3.0 -5.0 9.0 -5.0 -2.0 -3.0 -1.0 -8.0 1.0 -6.0 -4.0 -3.0 7.0 7.0 -2.0 -2.0 -9.0 -8.0 4.0 -4.0 -10.0 1.0 0.0 -10.0 7.0 -7.0 -5.0 -8.0 6.0 -7.0 5.0 7.0 -9.0 9.0 7.0 -4.0 -8.0 8.0 74.0 0.0 -2.0 7.0 -7.0 -3.0 -8.0 -4.0 -10.0 2.0 5.0 7.0 6.0 5.0 -8.0 -6.0 2.0 -6.0 -2.0 -5.0 8.0 2.0 -8.0 -4.0 9.0 1.0 2.0 1.0 4.0 7.0 1.0 8.0 8.0 -2.0 1.0 8.0 3.0 -9.0 -7.0 -6.0 -7.0 -2.0 -6.0 -6.0 -5.0 -3.0 -9.0 8.0 3.0 -10.0 -2.0 3.0 -9.0 5.0 7.0 37.0
-2.0 -8.0 9.0 3.0 2.0 9.0 7.0 3.0 7.0 6.0 4.0 -8.0 8.0 -7.0 8.0 -1.0 -7.0 5.0 -10.0 -8.0 9.0 4.0 -6.0 9.0 -2.0 -4.0 -8.0 -4.0 -10.0 -4.0 -6.0 7.0 -9.0 -6.0 -5.0 -7.0 3.0 -3.0 5.0 9.0 0.0 -9.0 -10.0 -6.0 2.0 2.0 68.0 -3.0 -3.0 -9.0 9.0 1.0 -2.0 -8.0 -1.0 -5.0 6.0 6.0 -8.0 -10.0 8.0 9.0 -6.0 7.0 -7.0 4.0 8.0 -6.0 -8.0 -1.0 -9.0 -10.0 2.0 -1.0 7.0 -5.0 2.0 5.0 5.0 -3.0 -3.0 -8.0 7.0 -4.0 -4.0 5.0 0.0 -1.0 -3.0 2.0 8.0 7.0 0.0 1.0 -1.0 -10.0 4.0 4.0 -7.0 -4.0 17.0
1.0 -5.0 -5.0 -4.0 6.0 0.0 4.0 -5.0 -4.0 5.0 -7.0 4.0 -5.0 -1.0 -4.0 2.0 -10.0 4.0 -6.0 0.0 -6.0 7.0 -6.0 9.0 -7.0 7.0 -5.0 -3.0 -5.0 -10.0 3.0 6.0 6.0 5.0 7.0 -2.0 -1.0 2.0 -6.0 -5.0 -4.0 -7.0 -4.0 -9.0 4.0 -3.0 -1.0 72.0 4.0 -4.0 -10.0 -9.0 7.0 -8.0 -9.0 -1.0 -7.0 -5.0 -8.0 -2.0 8.0 2.0 -4.0 1.0 1.0 -6.0 0.0 -2.0 -7.0 -6.0 -9.0 -3.0 4.0 9.0 5.0 7.0 2.0 7.0 8.0 2.0 2.0 -4.0 -1.0 -3.0 3.0 -10.0 9.0 9.0 3.0 0.0 9.0 -3.0 -8.0 -9.0 3.0 -4.0 8.0 -4.0 5.0 8.0 45.0
6.0 6.0 5.0 7.0 5.0 -2.0 -5.0 9.0 -2.0 9.0 -4.0 6.0 0.0 -10.0 7.0 -4.0 -2.0 -6.0 -6.0 2.0 -1.0 -7.0 -9.0 7.0 4.0 0.0 -8.0 -2.0 -5.0 -7.0 9.0 4.0 3.0 9.0 6.0 -9.0 -6.0 6.0 9.0 -4.0 -10.0 1.0 7.0 -5.0 0.0 -1.0 -7.0 -5.0 92.0 -1.0 -8.0 3.0 4.0 -6.0 -3.0 -7.0 -5.0 -8.0 5.0 -5.0 -8.0 -7.0 -6.0 4.0 2.0 4.0 7.0 -10.0 -4.0 0.0 3.0 6.0 7.0 9.0 9.0 -6.0 -7.0 3.0 2.0 2.0 6.0 -5.0 3.0 4.0 7.0 7.0 8.0 9.0 4.0 -6.0 -6.0 -8.0 -4.0 7.0 -3.0 -5.0 -10.0 -7.0 -7.0 3.0 -13.0
6.0 -5.0 7.0 -1.0 9.0 -6.0 2.0 7.0 9.0 3.0 -7.0 5.0 8.0 -9.0 1.0 -3.0 3.0 -4.0 -6.0 -8.0 -2.0 6.0 -1.0 0.0 -8.0 -4.0 7.0 -10.0 4.0 1.0 -6.0 -10.0 7.0 8.0 -2.0 -3.0 -8.0 -2.0 0.0 -8.0 -3.0 5.0 2.0 2.0 -10.0 -8.0 4.0 -9.0 7.0 95.0 -4.0 2.0 -7.0 4.0 -3.0 -5.0 3.0 1.0 -7.0 0.0 -10.0 -6.0 -7.0 -3.0 -10.0 2.0 9.0 -7.0 9.0 -7.0 2.0 2.0 -8.0 7.0 8.0 -10.0 9.0 9.0 -9.0 -1.0 2.0 -5.0 3.0 8.0 -5.0 2.0 7.0 3.0 9.0 -5.0 -2.0 -2.0 2.0 5.0 4.0 2.0 0.0 8.0 4.0 8.0 -27.0
1.0 -10.0 0.0 -5.0 -6.0 5.0 6.0 6.0 -2.0 9.0 -9.0 5.0 9.0 -8.0 1.0 1.0 -9.0 9.0 5.0 1.0 6.0 9.0 -1.0 -1.0 5.0 -1.0 8.0 7.0 -1.0 6.0 2.0 -10.0 9.0 4.0 3.0 -3.0 9.0 -4.0 -2.0 1.0 9.0 6.0 -2.0 -6.0 4.0 -2.0 1.0 1.0 -6.0 0.0 99.0 5.0 1.0 3.0 -9.0 -10.0 -8.0 -7.0 -5.0 5.0 -2.0 3.0 -9.0 -4.0 -9.0 6.0 5.0 3.0 -1.0 9.0 -8.0 4.0 -3.0 -7.0 -7.0 0.0 1.0 5.0 -4.0 4.0 9.0 6.0 1.0 -4.0 -2.0 -5.0 3.0 -3.0 4.0 -2.0 4.0 -10.0 -10.0 -8.0 1.0 4.0 -2.0 -3.0 6.0 4.0 6.0
8.0 -3.0 -1.0 2.0 8.0 6.0 9.0 1.0 4.0 -6.0 9.0 0.0 -7.0 -2.0 -5.0 5.0 -6.0 4.0 4.0 5.0 -5.0 -6.0 -4.0 4.0 -8.0 7.0 -6.0 -5.0 8.0 5.0 6.0 0.0 3.0 -2.0 8.0 -6.0 5.0 -9.0 4.0 -6.0 0.0 -1.0 4.0 -3.0 -3.0 0.0 -3.0 7.0 -4.0 8.0 -5.0 81.0 -3.0 3.0 2.0 5.0 7.0 7.0 -1.0 9.0 -8.0 -2.0 9.0 -3.0 5.0 -5.0 -5.0 2.0 3.0 5.0 7.0 -10.0 9.0 9.0 -10.0 -4.0 -6.0 5.0 -8.0 -4.0 5.0 3.0 0.0 -6.0 1.0 -8.0 -7.0 6.0 7.0 -3.0 1.0 7.0 0.0 8.0 2.0 -7.0 -4.0 -1.0 0.0 0.0 47.0
-1.0 5.0 0.0 0.0 7.0 1.0 -7.0 9.0 4.0 5.0 1.0 -4.0 4.0 7.0 9.0 -3.0 -1.0 -8.0 -10.0 -1.0 6.0 -10.0 -6.0 2.0 3.0 0.0 8.0 7.0 8.0 -7.0 3.0 6.0 6.0 1.0 8.0 -2.0 -9.0 -5.0 -8.0 8.0 9.0 -3.0 -1.0 0.0 4.0 -1.0 -4.0 -8.0 8.0 2.0 8.0 -5.0 75.0 7.0 -10.0 -3.0 -10.0 6.0 -2.0 7.0 -9.0 -4.0 6.0 -7.0 7.0 0.0 0.0 -7.0 0.0 -9.0 8.0 -8.0 3.0 -1.0 -2.0 6.0 2.0 -4.0 -8.0 5.0 -10.0 -5.0 6.0 9.0 -9.0 -10.0 0.0 -5.0 -3.0 -4.0 -6.0 4.0 -9.0 -4.0 2.0 4.0 6.0 4.0 -1.0 9.0 -3.0
-6.0 -1.0 -10.0 -1.0 2.0 -8.0 3.0 4.0 -4.0 -8.0 1.0 1.0 -8.0 -2.0 1.0 3.0 -4.0 3.0 2.0 8.0 -2.0 4.0 -6.0 -4.0 1.0 5.0 -1.0 6.0 6.0 -8.0 -10.0 -5.0 -7.0 6.0 -9.0 -7.0 -9.0 3.0 7.0 3.0 7.0 0.0 -9.0 -9.0 -9.0 -10.0 9.0 0.0 0.0 5.0 -5.0 -3.0 -10.0 60.0 7.0 8.0 4.0 0.0 7.0 5.0 -8.0 3.0 1.0 -4.0 2.0 1.0 7.0 -4.0 -2.0 6.0 -3.0 -8.0 6.0 4.0 -1.0 -2.0 -1.0 -9.0 6.0 -4.0 4.0 7.0 5.0 5.0 8.0 8.0 -7.0 7.0 3.0 -3.0 -2.0 9.0 -3.0 2.0 -7.0 7.0 5.0 3.0 -9.0 2.0 -22.0
8.0 2.0 -3.0 5.0 6.0 1.0 -10.0 -2.0 7.0 -1.0 7.0 -9.0 -9.0 4.0 7.0 -4.0 2.0 1.0 1.0 -3.0 4.0 -10.0 6.0 1.0 3.0 -2.0 -7.0 6.0 2.0 -8.0 -7.0 4.0 3.0 4.0 -8.0 6.0 7.0 -9.0 9.0 9.0 -3.0 9.0 9.0 0.0 6.0 0.0 -9.0 5.0 6.0 3.0 8.0 0.0 -4.0 -6.0 74.0 9.0 -2.0 -3.0 4.0 -6.0 -4.0 -9.0 2.0 9.0 -5.0 -2.0 -3.0 7.0 7.0 0.0 3.0 -9.0 -2.0 5.0 -6.0 -7.0 4.0 -1.0 5.0 -2.0 -1.0 -4.0 -4.0 -7.0 4.0 -7.0 -10.0 -5.0 5.0 9.0 8.0 3.0 6.0 3.0 -10.0 8.0 -9.0 9.0 -7.0 -3.0 -9.0
-1.0 -1.0 -8.0 2.0 9.0 -5.0 -5.0 -6.0 -4.0 8.0 2.0 -4.0 -2.0 4.0 -6.0 5.0 2.0 0.0 -4.0 7.0 9.0 -6.0 5.0 4.0 -7.0 -10.0 8.0 -1.0 -1.0 -2.0 1.0 6.0 -3.0 -6.0 8.0 7.0 -8.0 1.0 2.0 5.0 -7.0 -10.0 5.0 -2.0 -7.0 -7.0 7.0 2.0 0.0 1.0 3.0 -8.0 -1.0 6.0 -6.0 71.0 9.0 0.0 -2.0 -7.0 9.0 -5.0 -9.0 -8.0 -9.0 8.0 5.0 -9.0 -8.0 -8.0 3.0 -2.0 7.0 -8.0 -9.0 -8.0 -2.0 9.0 3.0 8.0 9.0 4.0 -3.0 3.0 -8.0 -8.0 -2.0 -8.0 -2.0 2.0 6.0 4.0 0.0 6.0 -10.0 8.0 7.0 -4.0 -8.0 -4.0 11.0
-7.0 8.0 -2.0 -3.0 8.0 6.0 0.0 0.0 9.0 2.0 -1.0 -1.0 -2.0 -9.0 7.0 3.0 -6.0 2.0 5.0 0.0 -3.0 -2.0 8.0 0.0 -6.0 2.0 2.0 4.0 -7.0 9.0 -7.0 -4.0 3.0 -10.0 -2.0 -7.0 2.0 -7.0 2.0 -6.0 -4.0 8.0 -5.0 -4.0 3.0 6.0 3.0 3.0 9.0 -7.0 -8.0 2.0 3.0 -4.0 6.0 -8.0 79.0 -2.0 -6.0 -2.0 -3.0 -5.0 4.0 -4.0 8.0 -5.0 -9.0 -3.0 -4.0 2.0 -3.0 -8.0 6.0 -3.0 -3.0 -2.0 -8.0 9.0 -3.0 0.0 1.0 -2.0 -6.0 -7.0 4.0 2.0 4.0 -5.0 -1.0 3.0 8.0 4.0 -3.0 4.0 -1.0 -2.0 4.0 7.0 -4.0 -2.0 18.0
6.0 4.0 1.0 5.0 0.0 -6.0 8.0 8.0 -9.0 5.0 3.0 2.0 -2.0 -3.0 -3.0 6.0 9.0 -9.0 -7.0 9.0 -4.0 9.0 1.0 4.0 -6.0 -8.0 3.0 7.0 -8.0 -9.0 5.0 -6.0 -5.0 1.0 -10.0 -4.0 -6.0 -2.0 6.0 5.0 -7.0 6.0 6.0 -3.0 5.0 6.0 8.0 -10.0 -3.0 -7.0 -3.0 4.0 -6.0 0.0 7.0 -1.0 -10.0 65.0 9.0 -3.0 2.0 8.0 -8.0 4.0 -4.0 -8.0 3.0 4.0 -1.0 -4.0 -2.0 -8.0 6.0 -9.0 -6.0 9.0 -10.0 9.0 -9.0 7.0 0.0 -3.0 -3.0 1.0 9.0 -8.0 -10.0 0.0 -4.0 9.0 -4.0 -8.0 -5.0 9.0 4.0 4.0 4.0 -8.0 7.0 -4.0 44.0
-2.0 -3.0 -8.0 -3.0 -5.0 1.0 -4.0 -3.0 0.0 4.0 -4.0 -2.0 8.0 -1.0 8.0 -7.0 -1.0 -5.0 -4.0 3.0 -6.0 6.0 0.0 -6.0 -7.0 2.0 -8.0 8.0 -2.0 -1.0 -5.0 -9.0 -9.0 0.0 -7.0 6.0 4.0 -2.0 4.0 -3.0 6.0 -2.0 -1.0 9.0 -8.0 -1.0 -4.0 8.0 -5.0 -4.0 6.0 1.0 1.0 7.0 -3.0 2.0 1.0 -4.0 97.0 -2.0 7.0 -4.0 -8.0 -4.0 3.0 -3.0 -9.0 4.0 -5.0 -1.0 0.0 -6.0 6.0 -2.0 -7.0 -6.0 -8.0 0.0 2.0 5.0 5.0 2.0 8.0 -2.0 0.0 3.0 -7.0 -9.0 4.0 2.0 0.0 7.0 -8.0 -7.0 5.0 -1.0 6.0 -7.0 -4.0 8.0 -47.0
0.0 7.0 -6.0 -4.0 -8.0 -2.0 -5.0 -2.0 -10.0 -10.0 -5.0 -7.0 -6.0 7.0 7.0 5.0 0.0 -7.0 -2.0 6.0 -2.0 2.0 -1.0 6.0 6.0 -2.0 0.0 -1.0 7.0 0.0 -6.0 7.0 -8.0 -10.0 2.0 5.0 7.0 6.0 -4.0 -5.0 -4.0 3.0 2.0 -10.0 -3.0 8.0 5.0 2.0 1.0 0.0 -3.0 0.0 -10.0 -10.0 9.0 0.0 2.0 4.0 -8.0 97.0 7.0 8.0 9.0 -10.0 5.0 4.0 -5.0 4.0 5.0 -8.0 5.0 -9.0 -4.0 2.0 8.0 -3.0 6.0 -2.0 -4.0 -10.0 4.0 8.0 -5.0 8.0 -10.0 -8.0 -6.0 -9.0 0.0 6.0 -1.0 3.0 -7.0 9.0 -10.0 -5.0 4.0 6.0 -6.0 -10.0 -36.0
-5.0 6.0 -3.0 -8.0 3.0 -2.0 -4.0 -1.0 2.0 -2.0 8.0 1.0 4.0 5.0 -1.0 -8.0 -9.0 4.0 -7.0 2.0 -4.0 -8.0 -4.0 -3.0 -8.0 -7.0 4.0 4.0 7.0 -2.0 0.0 1.0 8.0 -1.0 9.0 -3.0 7.0 -8.0 7.0 7.0 -10.0 -1.0 -2.0 -2.0 9.0 -7.0 -8.0 -3.0 -9.0 3.0 7.0 0.0 -9.0 7.0 -3.0 3.0 -5.0 7.0 3.0 6.0 67.0 -6.0 -5.0 7.0 -3.0 7.0 -9.0 7.0 -2.0 -4.0 1.0 4.0 -6.0 -7.0 -7.0 9.0 -9.0 -10.0 3.0 -6.0 8.0 -7.0 -6.0 -8.0 -9.0 -1.0 -4.0 7.0 7.0 -1.0 -8.0 9.0 -5.0 -8.0 8.0 9.0 7.0 -5.0 -10.0 8.0 49.0
-3.0 -2.0 -5.0 -6.0 0.0 6.0 -4.0 -9.0 8.0 1.0 -10.0 0.0 -9.0 3.0 4.0 6.0 9.0 -3.0 -3.0 6.0 2.0 -1.0 -10.0 3.0 2.0 6.0 -2.0 6.0 -7.0 5.0 -1.0 9.0 6.0 6.0 2.0 5.0 7.0 9.0 0.0 5.0 -4.0 7.0 3.0 -4.0 -4.0 -2.0 1.0 0.0 9.0 -2.0 -6.0 -9.0 -1.0 -3.0 -10.0 -2.0 -5.0 -5.0 2.0 -5.0 -9.0 92.0 -10.0 -2.0 -8.0 -3.0 -8.0 6.0 -3.0 -2.0 8.0 9.0 -7.0 -1.0 -3.0 -3.0 -3.0 1.0 9.0 -7.0 2.0 -5.0 5.0 -3.0 -9.0 -2.0 6.0 3.0 2.0 -5.0 5.0 -6.0 5.0 1.0 -9.0 -8.0 7.0 -2.0 -3.0 3.0 -34.0
2.0 -4.0 -3.0 -9.0 -1.0 7.0 -1.0 -6.0 3.0 -8.0 -10.0 -10.0 -5.0 -7.0 -9.0 -1.0 -1.0 -5.0 3.0 1.0 7.0 2.0 2.0 6.0 -7.0 4.0 8.0 3.0 -10.0 -6.0 -8.0 -7.0 -3.0 6.0 -7.0 9.0 1.0 -2.0 -4.0 6.0 -9.0 -5.0 4.0 -1.0 -2.0 -9.0 -6.0 8.0 2.0 -10.0 7.0 8.0 -3.0 -5.0 9.0 -1.0 -10.0 -1.0 4.0 0.0 5.0 7.0 95.0 7.0 -7.0 9.0 7.0 8.0 3.0 -4.0 2.0 4.0 8.0 -8.0 -8.0 1.0 4.0 0.0 -3.0 3.0 -4.0 -9.0 9.0 -5.0 3.0 -6.0 1.0 1.0 1.0 8.0 -6.0 3.0 -5.0 8.0 8.0 -7.0 -1.0 -4.0 1.0 9.0 -44.0
1.0 -8.0 -8.0 0.0 1.0 -10.0 -8.0 0.0 -9.0 -6.0 8.0 -9.0 2.0 -5.0 7.0 -9.0 -7.0 3.0 3.0 0.0 2.0 1.0 4.0 7.0 6.0 -2.0 1.0 -2.0 -6.0 2.0 1.0 -3.0 -10.0 -2.0 2.0 3.0 0.0 8.0 -8.0 9.0 -2.0 2.0 -7.0 -5.0 -5.0 -3.0 -7.0 -3.0 -8.0 -1.0 -7.0 -9.0 4.0 -1.0 -6.0 6.0 -8.0 -1.0 -6.0 0.0 -9.0 9.0 -3.0 55.0 -2.0 1.0 -8.0 2.0 0.0 9.0 4.0 5.0 -8.0 -8.0 -4.0 -5.0 -7.0 -2.0 7.0 -1.0 -1.0 0.0 3.0 5.0 -6.0 2.0 -10.0 -7.0 8.0 -10.0 1.0 -1.0 -2.0 -2.0 -1.0 -10.0 1.0 -4.0 5.0 3.0 27.0
2.0 8.0 8.0 -6.0 -5.0 -7.0 -7.0 7.0 -1.0 2.0 6.0 6.0 -9.0 3.0 6.0 3.0 -2.0 7.0 -4.0 5.0 4.0 -1.0 -10.0 -9.0 -7.0 3.0 1.0 7.0 -3.0 3.0 9.0 8.0 8.0 8.0 8.0 -8.0 -7.0 2.0 -10.0 4.0 -5.0 -8.0 0.0 3.0 -7.0 -4.0 -5.0 6.0 4.0 2.0 4.0 4.0 5.0 -4.0 6.0 9.0 -5.0 6.0 6.0 -10.0 9.0 6.0 8.0 -9.0 99.0 -9.0 7.0 4.0 7.0 3.0 -7.0 8.0 7.0 7.0 7.0 -3.0 4.0 -8.0 -5.0 -10.0 -7.0 7.0 -8.0 9.0 3.0 5.0 -2.0 -6.0 7.0 5.0 4.0 -8.0 -7.0 -5.0 -2.0 -5.0 8.0 -2.0 -8.0 4.0 31.0
-5.0 -8.0 -6.0 4.0 -2.0 -5.0 5.0 -9.0 0.0 -6.0 -10.0 -9.0 -8.0 7.0 5.0 5.0 -10.0 4.0 -9.0 -3.0 8.0 -6.0 -9.0 -10.0 -9.0 9.0 -4.0 3.0 4.0 -4.0 -1.0 7.0 -5.0 -1.0 -9.0 -2.0 -2.0 -3.0 -3.0 0.0 -4.0 -8.0 -7.0 3.0 -10.0 2.0 -6.0 -6.0 -4.0 -5.0 6.0 -1.0 1.0 -5.0 2.0 8.0 -9.0 -9.0 -10.0 0.0 9.0 6.0 -10.0 1.0 -7.0 82.0 3.0 -3.0 -9.0 8.0 1.0 -8.0 3.0 -2.0 4.0 1.0 4.0 -4.0 5.0 -10.0 -1.0 8.0 8.0 -6.0 4.0 6.0 -9.0 7.0 5.0 -5.0 -9.0 -8.0 -1.0 0.0 6.0 -10.0 -6.0 7.0 9.0 4.0 25.0
-10.0 7.0 -6.0 -9.0 7.0 -7.0 -2.0 -6.0 3.0 -4.0 2.0 -1.0 4.0 -4.0 -5.0 4.0 -2.0 1.0 6.0 -2.0 -1.0 -6.0 -9.0 -6.0 8.0 4.0 4.0 4.0 -10.0 1.0 6.0 6.0 -3.0 -2.0 3.0 9.0 1.0 6.0 2.0 5.0 9.0 0.0 7.0 0.0 -2.0 -2.0 -10.0 -5.0 -9.0 -9.0 -6.0 -2.0 -5.0 6.0 9.0 4.0 2.0 -6.0 -5.0 9.0 -4.0 9.0 -9.0 -7.0 -1.0 -10.0 95.0 -10.0 2.0 4.0 -8.0 -3.0 5.0 -8.0 -8.0 4.0 -2.0 -2.0 -2.0 -7.0 -7.0 7.0 -1.0 8.0 6.0 2.0 -5.0 -7.0 4.0 1.0 0.0 -1.0 5.0 -3.0 -3.0 -10.0 4.0 -3.0 -4.0 -6.0 36.0
0.0 0.0 -7.0 0.0 -3.0 7.0 -1.0 9.0 -7.0 2.0 6.0 -4.0 -1.0 7.0 -10.0 -10.0 -4.0 -3.0 -3.0 -8.0 -6.0 -8.0 6.0 5.0 7.0 9.0 -7.0 6.0 7.0 4.0 -3.0 2.0 6.0 -3.0 -2.0 -9.0 7.0 -5.0 -4.0 -7.0 -1.0 -9.0 1.0 -8.0 -5.0 6.0 -3.0 8.0 -4.0 2.0 4.0 -5.0 5.0 5.0 0.0 -3.0 -10.0 5.0 0.0 4.0 -8.0 -1.0 -9.0 5.0 -2.0 7.0 3.0 98.0 -9.0 -4.0 -6.0 8.0 0.0 1.0 8.0 2.0 4.0 -8.0 -9.0 -10.0 -8.0 4.0 -6.0 -4.0 -9.0 -4.0 2.0 9.0 -7.0 8.0 4.0 1.0 5.0 4.0 -7.0 6.0 9.0 -3.0 -9.0 4.0 5.0
5.0 8.0 4.0 -10.0 -1.0 -7.0 2.0 8.0 -1.0 9.0 -2.0 8.0 -10.0 -1.0 -5.0 8.0 8.0 -8.0 -9.0 7.0 4.0 7.0 -5.0 -6.0 -10.0 7.0 9.0 -5.0 4.0 4.0 -4.0 5.0 -10.0 -9.0 -3.0 6.0 3.0 1.0 3.0 7.0 5.0 2.0 -5.0 0.0 9.0 7.0 -3.0 7.0 -10.0 -6.0 -5.0 0.0 -7.0 -9.0 9.0 2.0 9.0 6.0 -2.0 0.0 3.0 2.0 8.0 2.0 0.0 9.0 -4.0 -9.0 73.0 -1.0 -5.0 3.0 -4.0 -2.0 2.0 -5.0 -6.0 -7.0 9.0 -5.0 0.0 6.0 1.0 -8.0 -2.0 2.0 7.0 -2.0 -3.0 0.0 -3.0 0.0 5.0 7.0 -3.0 6.0 4.0 1.0 -9.0 4.0 36.0
-3.0 -1.0 -8.0 2.0 9.0 -9.0 3.0 0.0 -5.0 9.0 -1.0 2.0 -1.0 3.0 -7.0 4.0 -5.0 -2.0 4.0 -7.0 6.0 3.0 2.0 -9.0 4.0 5.0 -9.0 1.0 2.0 6.0 -6.0 9.0 5.0 3.0 3.0 7.0 3.0 -5.0 -3.0 -10.0 9.0 -1.0 6.0 6.0 2.0 6.0 -7.0 -1.0 -6.0 -1.0 -6.0 8.0 9.0 5.0 -10.0 -1.0 1.0 -2.0 -3.0 -9.0 8.0 6.0 -7.0 2.0 -8.0 7.0 -9.0 -6.0 3.0 73.0 -10.0 7.0 -9.0 -1.0 -2.0 9.0 -6.0 5.0 -1.0 7.0 -1.0 -8.0 -7.0 0.0 -6.0 -2.0 -5.0 0.0 -7.0 4.0 5.0 -3.0 0.0 -8.0 6.0 0.0 5.0 -4.0 -10.0 3.0 18.0
8.0 2.0 -9.0 -2.0 0.0 7.0 -10.0 6.0 -2.0 7.0 -3.0 -2.0 -2.0 -2.0 7.0 -4.0 0.0 -2.0 -9.0 0.0 -5.0 -10.0 -3.0 -4.0 4.0 5.0 3.0 -5.0 -7.0 -3.0 6.0 7.0 -1.0 1.0 7.0 -6.0 -3.0 -3.0 6.0 3.0 -10.0 -7.0 2.0 -1.0 -10.0 2.0 3.0 5.0 9.0 7.0 7.0 -7.0 5.0 8.0 -1.0 4.0 -10.0 5.0 3.0 0.0 4.0 6.0 4.0 -1.0 1.0 -6.0 -9.0 0.0 2.0 -3.0 84.0 2.0 9.0 -2.0 -3.0 -1.0 4.0 -9.0 -3.0 -5.0 4.0 6.0 -3.0 3.0 8.0 6.0 6.0 0.0 -4.0 5.0 6.0 -8.0 -8.0 -2.0 -2.0 6.0 -7.0 -7.0 -2.0 -2.0 -7.0
8.0 0.0 7.0 6.0 7.0 -10.0 0.0 -3.0 -9.0 1.0 -2.0 2.0 6.0 -10.0 -8.0 -6.0 -8.0 -2.0 -9.0 0.0 -9.0 -8.0 3.0 8.0 5.0 9.0 8.0 9.0 4.0 5.0 7.0 -3.0 -3.0 6.0 0.0 -6.0 1.0 -3.0 3.0 -10.0 0.0 -5.0 1.0 1.0 3.0 -2.0 -4.0 5.0 -6.0 -8.0 -2.0 -9.0 -1.0 9.0 6.0 5.0 4.0 -4.0 -5.0 7.0 -6.0 -5.0 -8.0 -9.0 0.0 1.0 -4.0 -8.0 -1.0 -7.0 -9.0 95.0 -1.0 8.0 -5.0 -4.0 8.0 -2.0 -4.0 1.0 -2.0 5.0 -9.0 -7.0 -5.0 9.0 6.0 4.0 -10.0 -9.0 -10.0 -9.0 -8.0 9.0 -10.0 6.0 3.0 -9.0 -8.0 -2.0 -34.0
2.0 -3.0 2.0 0.0 -1.0 0.0 0.0 -9.0 7.0 6.0 4.0 5.0 9.0 -4.0 -9.0 -5.0 -8.0 -2.0 -6.0 -8.0 8.0 5.0 7.0 -10.0 -7.0 -6.0 -4.0 9.0 -5.0 -1.0 -5.0 -10.0 -10.0 6.0 3.0 6.0 7.0 -3.0 -5.0 1.0 1.0 0.0 -5.0 2.0 1.0 -9.0 -5.0 4.0 4.0 -1.0 -2.0 -3.0 -10.0 -10.0 -3.0 -9.0 -2.0 -9.0 -2.0 9.0 -8.0 6.0 -7.0 -5.0 -2.0 0.0 -6.0 -6.0 -9.0 -8.0 1.0 -9.0 65.0 3.0 0.0 -10.0 8.0 4.0 -8.0 1.0 1.0 -4.0 5.0 2.0 1.0 -10.0 -5.0 -3.0 -6.0 -10.0 -7.0 -4.0 -5.0 6.0 5.0 1.0 6.0 -9.0 -1.0 -8.0 47.0
-4.0 6.0 9.0 -2.0 8.0 5.0 6.0 2.0 -3.0 -4.0 6.0 -5.0 5.0 -5.0 -2.0 0.0 8.0 5.0 -7.0 -7.0 2.0 4.0 -4.0 7.0 9.0 -8.0 0.0 9.0 -7.0 -2.0 -1.0 -8.0 2.0 4.0 7.0 -4.0 6.0 -9.0 -4.0 2.0 -5.0 2.0 6.0 -7.0 0.0 -9.0 6.0 -5.0 -2.0 -10.0 5.0 7.0 3.0 -8.0 -10.0 3.0 -8.0 1.0 -2.0 3.0 1.0 5.0 8.0 8.0 7.0 2.0 5.0 -6.0 0.0 -1.0 3.0 -5.0 4.0 96.0 -1.0 -3.0 0.0 6.0 -7.0 9.0 -9.0 7.0 5.0 2.0 9.0 -8.0 -9.0 0.0 5.0 3.0 -9.0 3.0 -7.0 8.0 -3.0 7.0 9.0 3.0 7.0 -8.0 -40.0
-9.0 2.0 6.0 -8.0 9.0 2.0 -10.0 4.0 7.0 -1.0 9.0 -7.0 -6.0 -3.0 -8.0 -6.0 6.0 -6.0 3.0 -9.0 8.0 5.0 -6.0 -2.0 5.0 8.0 -9.0 -2.0 -8.0 7.0 0.0 6.0 -3.0 -1.0 -7.0 -7.0 -2.0 -8.0 6.0 -6.0 2.0 -8.0 9.0 -6.0 3.0 1.0 -2.0 -7.0 2.0 -7.0 -4.0 -9.0 7.0 3.0 -1.0 6.0 8.0 -5.0 3.0 -6.0 8.0 -3.0 -3.0 4.0 -3.0 7.0 -2.0 3.0 -4.0 9.0 -8.0 7.0 -9.0 -1.0 90.0 4.0 -8.0 3.0 -7.0 7.0 1.0 -6.0 -7.0 6.0 1.0 8.0 7.0 -6.0 -7.0 0.0 3.0 8.0 9.0 -8.0 -2.0 -3.0 -3.0 8.0 -1.0 2.0 -32.0
2.0 -9.0 0.0 0.0 4.0 7.0 3.0 -9.0 7.0 6.0 9.0 -1.0 -10.0 1.0 -4.0 3.0 4.0 8.0 -8.0 6.0 -3.0 0.0 0.0 0.0 -9.0 9.0 9.0 -1.0 -4.0 -5.0 -7.0 7.0 -7.0 6.0 3.0 5.0 -8.0 -6.0 6.0 -3.0 -1.0 0.0 6.0 8.0 -10.0 5.0 5.0 3.0 1.0 -1.0 -3.0 0.0 -5.0 9.0 8.0 -6.0 8.0 -9.0 6.0 -6.0 0.0 -4.0 7.0 -10.0 -1.0 2.0 -4.0 -9.0 4.0 -7.0 -1.0 5.0 4.0 -3.0 1.0 83.0 6.0 8.0 8.0 -1.0 9.0 1.0 3.0 4.0 5.0 3.0 -5.0 -5.0 0.0 -8.0 -1.0 2.0 4.0 3.0 -5.0 1.0 3.0 1.0 8.0 8.0 34.0
-6.0 8.0 0.0 -3.0 4.0 -7.0 -3.0 0.0 2.0 9.0 -1.0 9.0 0.0 -4.0 -2.0 -2.0 6.0 -1.0 -10.0 -4.0 -3.0 5.0 -9.0 6.0 5.0 9.0 1.0 -1.0 0.0 -6.0 -8.0 -2.0 -8.0 -7.0 -6.0 -4.0 1.0 -4.0 0.0 4.0 -9.0 1.0 1.0 0.0 1.0 -3.0 -10.0 3.0 -5.0 -5.0 -9.0 3.0 4.0 -7.0 5.0 -3.0 9.0 -10.0 -2.0 -5.0 4.0 0.0 -2.0 7.0 -7.0 7.0 3.0 -8.0 -2.0 -6.0 -3.0 0.0 1.0 6.0 0.0 -1.0 50.0 -6.0 2.0 -6.0 -9.0 6.0 -8.0 -7.0 -8.0 6.0 -8.0 3.0 -5.0 6.0 5.0 7.0 0.0 8.0 7.0 2.0 -5.0 4.0 7.0 2.0 2.0
5.0 -6.0 -3.0 -8.0 -10.0 -7.0 7.0 -5.0 0.0 -7.0 7.0 1.0 -6.0 5.0 8.0 -9.0 -6.0 1.0 -4.0 8.0 -6.0 -1.0 -8.0 -6.0 9.0 0.0 -8.0 -5.0 7.0 5.0 -8.0 8.0 -1.0 7.0 9.0 -10.0 -10.0 -1.0 3.0 6.0 9.0 2.0 -2.0 6.0 8.0 -9.0 0.0 -5.0 -6.0 -6.0 -1.0 -3.0 -7.0 8.0 6.0 -4.0 3.0 1.0 6.0 -9.0 2.0 -7.0 -2.0 2.0 -6.0 2.0 3.0 -7.0 -5.0 0.0 -3.0 -6.0 8.0 -10.0 1.0 -9.0 -3.0 67.0 -6.0 -9.0 -4.0 0.0 -10.0 8.0 8.0 9.0 -1.0 -6.0 -6.0 3.0 -7.0 2.0 -4.0 6.0 -2.0 4.0 -4.0 -8.0 -1.0 -3.0 -43.0
-6.0 -7.0 -8.0 5.0 8.0 4.0 -8.0 -8.0 -9.0 -3.0 -7.0 -3.0 -2.0 3.0 0.0 -9.0 -7.0 -1.0 -2.0 -9.0 7.0 -8.0 1.0 -2.0 4.0 9.0 7.0 9.0 -9.0 -10.0 -7.0 -6.0 -1.0 -9.0 -4.0 8.0 -7.0 5.0 3.0 -7.0 9.0 -4.0 -10.0 6.0 -10.0 5.0 7.0 -4.0 -10.0 0.0 -5.0 -10.0 -7.0 -9.0 3.0 -5.0 -10.0 8.0 -2.0 -1.0 8.0 -1.0 7.0 -7.0 -1.0 -10.0 -9.0 3.0 -5.0 2.0 7.0 -4.0 3.0 -6.0 7.0 -7.0 3.0 6.0 97.0 -6.0 4.0 -8.0 -7.0 0.0 -7.0 -3.0 -8.0 2.0 -6.0 9.0 -8.0 6.0 -9.0 -5.0 9.0 -3.0 -1.0 2.0 8.0 -9.0 6.0
-9.0 8.0 -9.0 3.0 -10.0 5.0 3.0 4.0 -5.0 5.0 2.0 -10.0 -2.0 7.0 0.0 9.0 9.0 0.0 3.0 0.0 -8.0 -1.0 -8.0 -3.0 2.0 8.0 -10.0 -7.0 9.0 4.0 -7.0 -8.0 5.0 7.0 2.0 3.0 -9.0 -3.0 -5.0 -10.0 -1.0 1.0 -7.0 -6.0 9.0 6.0 1.0 -4.0 6.0 -9.0 -7.0 -10.0 2.0 -1.0 3.0 6.0 -10.0 -4.0 -8.0 -2.0 2.0 -10.0 -6.0 -6.0 5.0 5.0 -4.0 -10.0 9.0 -10.0 0.0 4.0 -2.0 -4.0 -3.0 6.0 -5.0 -10.0 7.0 85.0 2.0 -10.0 -1.0 -2.0 6.0 -7.0 -5.0 -5.0 -8.0 5.0 3.0 2.0 -7.0 4.0 -5.0 4.0 -10.0 5.0 -8.0 7.0 -23.0
-7.0 0.0 -5.0 8.0 -7.0 3.0 -6.0 7.0 -4.0 -1.0 1.0 -2.0 1.0 6.0 -8.0 -6.0 -9.0 -1.0 -6.0 -9.0 -4.0 2.0 -7.0 0.0 6.0 -2.0 3.0 -2.0 9.0 4.0 3.0 -3.0 -9.0 -7.0 -9.0 -10.0 3.0 -7.0 1.0 7.0 2.0 8.0 1.0 9.0 -10.0 -2.0 2.0 4.0 1.0 -6.0 -1.0 5.0 -10.0 9.0 -8.0 -9.0 5.0 -3.0 -6.0 1.0 0.0 8.0 -8.0 6.0 6.0 -4.0 -4.0 5.0 -9.0 -10.0 -8.0 -1.0 -3.0 -2.0 1.0 7.0 -4.0 0.0 -9.0 4.0 75.0 -2.0 8.0 6.0 7.0 3.0 -4.0 7.0 -8.0 -5.0 7.0 -10.0 -1.0 6.0 7.0 5.0 -10.0 -2.0 -3.0 -9.0 -23.0
-5.0 -5.0 8.0 -8.0 1.0 -7.0 4.0 1.0 3.0 -5.0 0.0 9.0 -8.0 -3.0 4.0 -1.0 4.0 6.0 -4.0 1.0 0.0 0.0 6.0 5.0 0.0 -10.0 6.0 5.0 8.0 2.0 5.0 -6.0 0.0 -1.0 -8.0 -8.0 1.0 5.0 -9.0 -9.0 -1.0 1.0 -3.0 -10.0 9.0 7.0 -6.0 -7.0 -3.0 -7.0 -6.0 6.0 8.0 5.0 -6.0 7.0 9.0 1.0 -8.0 8.0 7.0 4.0 4.0 -7.0 -9.0 1.0 -1.0 7.0 -4.0 -8.0 -9.0 -4.0 -8.0 -10.0 -2.0 -10.0 -8.0 3.0 -10.0 0.0 6.0 79.0 7.0 -9.0 -5.0 -1.0 8.0 -2.0 4.0 7.0 5.0 -3.0 3.0 -5.0 2.0 1.0 -9.0 2.0 5.0 3.0 26.0
-10.0 9.0 0.0 -2.0 8.0 6.0 7.0 -3.0 -7.0 4.0 0.0 -5.0 0.0 4.0 1.0 6.0 4.0 2.0 9.0 -3.0 -9.0 -7.0 -7.0 5.0 2.0 -7.0 -1.0 5.0 -1.0 -7.0 8.0 -1.0 -3.0 0.0 -4.0 9.0 5.0 5.0 -3.0 -3.0 3.0 3.0 -10.0 -6.0 6.0 -9.0 6.0 9.0 -10.0 3.0 -4.0 -1.0 -1.0 -6.0 -9.0 0.0 -1.0 7.0 4.0 4.0 -10.0 3.0 -3.0 -1.0 -8.0 7.0 3.0 -8.0 -6.0 0.0 -8.0 -10.0 4.0 -10.0 5.0 -2.0 -5.0 6.0 -1.0 6.0 -3.0 8.0 85.0 8.0 5.0 -9.0 -6.0 -8.0 -1.0 -4.0 -2.0 -6.0 -9.0 -3.0 -2.0 8.0 1.0 7.0 7.0 6.0 19.0
-5.0 1.0 -1.0 8.0 7.0 0.0 -5.0 -5.0 7.0 9.0 -8.0 -5.0 -2.0 1.0 -9.0 3.0 -7.0 -5.0 -3.0 7.0 -10.0 3.0 -8.0 -3.0 6.0 4.0 7.0 6.0 7.0 6.0 -2.0 -2.0 -8.0 8.0 -1.0 4.0 7.0 6.0 -8.0 5.0 6.0 -3.0 7.0 -10.0 -3.0 5.0 -4.0 7.0 1.0 -6.0 7.0 6.0 0.0 3.0 2.0 -1.0 8.0 5.0 -10.0 1.0 8.0 5.0 2.0 2.0 4.0 -1.0 7.0 9.0 9.0 6.0 4.0 -10.0 -7.0 -4.0 -1.0 -6.0 3.0 7.0 -7.0 -2.0 9.0 1.0 3.0 66.0 -5.0 -7.0 4.0 -4.0 -2.0 -4.0 5.0 6.0 2.0 -7.0 2.0 -3.0 -9.0 -3.0 0.0 9.0 6.0
-2.0 7.0 -4.0 4.0 -5.0 5.0 7.0 5.0 -9.0 -10.0 5.0 2.0 -2.0 -7.0 -1.0 -3.0 -3.0 6.0 -4.0 4.0 2.0 -7.0 -9.0 -6.0 -9.0 9.0 3.0 0.0 -6.0 4.0 6.0 2.0 4.0 -6.0 -4.0 5.0 9.0 -10.0 3.0 6.0 1.0 -9.0 -5.0 -2.0 9.0 6.0 9.0 -9.0 -10.0 7.0 -10.0 -6.0 2.0 -4.0 9.0 7.0 -3.0 3.0 8.0 -6.0 -10.0 -1.0 7.0 6.0 4.0 -9.0 -8.0 1.0 8.0 2.0 3.0 -5.0 -5.0 3.0 -1.0 2.0 6.0 -5.0 5.0 -4.0 -1.0 -1.0 6.0 -10.0 85.0 8.0 -3.0 -5.0 6.0 -3.0 0.0 -4.0 -9.0 8.0 -6.0 2.0 -3.0 5.0 -7.0 6.0 -15.0
5.0 -6.0 7.0 -6.0 9.0 -3.0 -8.0 5.0 6.0 -5.0 -10.0 -3.0 -3.0 -8.0 2.0 -10.0 -8.0 2.0 -6.0 -9.0 -1.0 8.0 -4.0 0.0 -3.0 9.0 -3.0 1.0 -9.0 0.0 -8.0 -9.0 -2.0 -10.0 -3.0 -2.0 -8.0 7.0 -3.0 -4.0 3.0 -6.0 -4.0 7.0 -6.0 2.0 -10.0 4.0 0.0 -2.0 -6.0 -6.0 -8.0 2.0 -4.0 -1.0 6.0 2.0 7.0 2.0 7.0 2.0 1.0 -6.0 8.0 -1.0 0.0 -1.0 -3.0 -3.0 -2.0 -7.0 7.0 -5.0 9.0 -1.0 -7.0 -9.0 4.0 -3.0 9.0 -1.0 3.0 -2.0 2.0 83.0 -7.0 -8.0 -2.0 -6.0 9.0 -3.0 -9.0 4.0 -2.0 -7.0 -6.0 3.0 -10.0 2.0 3.0
-5.0 2.0 9.0 1.0 7.0 0.0 3.0 -9.0 7.0 -4.0 3.0 -2.0 -4.0 7.0 2.0 1.0 -10.0 4.0 0.0 1.0 9.0 -10.0 3.0 -5.0 2.0 -7.0 -7.0 -1.0 -9.0 0.0 -8.0 0.0 9.0 -10.0 2.0 -6.0 4.0 6.0 0.0 -5.0 3.0 -9.0 -7.0 6.0 7.0 -7.0 3.0 -3.0 0.0 0.0 8.0 4.0 8.0 -5.0 2.0 -7.0 1.0 7.0 7.0 -2.0 9.0 3.0 -9.0 -6.0 -5.0 8.0 8.0 -1.0 -6.0 -7.0 -5.0 7.0 -1.0 1.0 -3.0 3.0 -8.0 7.0 2.0 -1.0 3.0 -1.0 5.0 -1.0 -3.0 -10.0 72.0 -4.0 7.0 5.0 -2.0 -10.0 0.0 -6.0 2.0 5.0 0.0 7.0 9.0 8.0 -15.0
4.0 7.0 -8.0 9.0 2.0 -7.0 -1.0 1.0 -4.0 -5.0 -2.0 -5.0 9.0 8.0 -1.0 1.0 5.0 -6.0 -7.0 7.0 0.0 -9.0 9.0 -9.0 9.0 -7.0 3.0 6.0 -1.0 -1.0 4.0 2.0 1.0 -9.0 6.0 -6.0 6.0 9.0 -6.0 9.0 3.0 -2.0 -7.0 5.0 -3.0 4.0 -6.0 3.0 -7.0 8.0 -9.0 4.0 -7.0 6.0 8.0 -10.0 2.0 4.0 -7.0 -9.0 -6.0 -1.0 4.0 4.0 3.0 -2.0 -4.0 -4.0 7.0 6.0 0.0 -3.0 -2.0 -10.0 2.0 2.0 7.0 -8.0 -4.0 5.0 1.0 -5.0 9.0 -6.0 -9.0 -10.0 2.0 94.0 -10.0 6.0 -2.0 -6.0 6.0 -1.0 -5.0 2.0 -3.0 -3.0 0.0 -1.0 43.0
-4.0 6.0 0.0 -3.0 -10.0 7.0 -9.0 7.0 -2.0 8.0 0.0 8.0 -6.0 -1.0 8.0 5.0 8.0 6.0 8.0 -7.0 -5.0 -5.0 5.0 -5.0 0.0 3.0 4.0 -7.0 4.0 -3.0 3.0 8.0 9.0 -9.0 -6.0 8.0 2.0 8.0 4.0 9.0 2.0 -9.0 -7.0 -4.0 -1.0 -5.0 8.0 6.0 9.0 -4.0 -6.0 7.0 2.0 6.0 -1.0 6.0 -10.0 -2.0 -5.0 8.0 -1.0 4.0 1.0 -8.0 5.0 -9.0 3.0 1.0 6.0 8.0 -5.0 8.0 0.0 2.0 -10.0 3.0 2.0 -7.0 5.0 -3.0 6.0 -7.0 6.0 -3.0 -1.0 6.0 4.0 -4.0 81.0 1.0 4.0 -4.0 -7.0 -1.0 2.0 -3.0 3.0 1.0 -1.0 3.0 -37.0
7.0 5.0 -9.0 -10.0 2.0 -3.0 8.0 -10.0 -1.0 3.0 9.0 3.0 2.0 -3.0 3.0 -8.0 -3.0 3.0 -9.0 7.0 3.0 -6.0 3.0 4.0 -2.0 -8.0 1.0 -2.0 1.0 -8.0 -10.0 1.0 8.0 0.0 -5.0 5.0 0.0 -7.0 -2.0 -2.0 4.0 6.0 -6.0 -9.0 -6.0 9.0 -5.0 -3.0 7.0 -3.0 9.0 3.0 2.0 -2.0 -4.0 -1.0 2.0 -4.0 9.0 2.0 -9.0 -10.0 0.0 2.0 7.0 9.0 5.0 -9.0 -8.0 5.0 -10.0 -8.0 2.0 -3.0 -6.0 2.0 4.0 -2.0 8.0 7.0 2.0 -4.0 -9.0 5.0 -1.0 6.0 -2.0 6.0 -2.0 66.0 -9.0 -1.0 0.0 4.0 7.0 -7.0 5.0 -9.0 5.0 -5.0 -20.0
-3.0 1.0 5.0 0.0 -7.0 5.0 -1.0 9.0 -3.0 -6.0 -3.0 0.0 5.0 0.0 4.0 -5.0 7.0 1.0 -7.0 -5.0 9.0 -5.0 -8.0 3.0 7.0 5.0 7.0 9.0 -7.0 -1.0 2.0 6.0 6.0 -2.0 -1.0 1.0 5.0 -1.0 -3.0 5.0 0.0 -8.0 3.0 -9.0 2.0 7.0 -8.0 3.0 -1.0 0.0 -4.0 -4.0 -7.0 -3.0 3.0 -6.0 -7.0 -8.0 -5.0 -5.0 3.0 3.0 -2.0 -3.0 -1.0 6.0 9.0 -5.0 4.0 2.0 -2.0 2.0 -3.0 7.0 6.0 3.0 -9.0 -9.0 -4.0 6.0 0.0 -7.0 -7.0 3.0 -6.0 5.0 9.0 5.0 -2.0 7.0 91.0 -9.0 0.0 -8.0 -1.0 -10.0 -5.0 1.0 5.0 5.0 -32.0
-9.0 6.0 -7.0 2.0 -8.0 -3.0 -10.0 3.0 3.0 3.0 6.0 8.0 -4.0 0.0 9.0 -10.0 -6.0 -5.0 -7.0 4.0 -8.0 9.0 -8.0 7.0 1.0 6.0 -1.0 1.0 -5.0 5.0 -8.0 -2.0 1.0 3.0 3.0 -8.0 4.0 5.0 6.0 -9.0 -2.0 6.0 2.0 -3.0 -3.0 -2.0 -9.0 -3.0 8.0 9.0 -10.0 -1.0 5.0 4.0 -5.0 0.0 5.0 -8.0 -9.0 -10.0 -8.0 3.0 7.0 -8.0 -2.0 0.0 6.0 1.0 3.0 -8.0 7.0 -6.0 9.0 9.0 -10.0 -3.0 3.0 0.0 7.0 0.0 2.0 -1.0 -5.0 -5.0 1.0 -9.0 1.0 -2.0 1.0 3.0 6.0 66.0 8.0 7.0 5.0 -6.0 2.0 5.0 3.0 7.0 -33.0
4.0 -5.0 2.0 0.0 3.0 -7.0 8.0 4.0 5.0 -6.0 0.0 6.0 -1.0 9.0 -6.0 8.0 -2.0 4.0 2.0 -6.0 -1.0 2.0 8.0 7.0 2.0 -7.0 -1.0 -6.0 -6.0 -6.0 -2.0 9.0 -5.0 1.0 5.0 2.0 5.0 3.0 -2.0 4.0 2.0 -3.0 -1.0 5.0 -3.0 -1.0 6.0 4.0 -7.0 5.0 -7.0 -4.0 -5.0 6.0 1.0 -7.0 -7.0 -5.0 3.0 3.0 -6.0 -8.0 -1.0 -5.0 0.0 5.0 4.0 -10.0 -5.0 -9.0 9.0 5.0 -2.0 -9.0 2.0 -4.0 -6.0 4.0 -5.0 -6.0 -7.0 -4.0 0.0 -5.0 -3.0 -9.0 0.0 1.0 5.0 -7.0 -1.0 -2.0 79.0 -4.0 1.0 1.0 -9.0 3.0 2.0 -2.0 -11.0
-2.0 9.0 3.0 -10.0 9.0 9.0 8.0 0.0 6.0 0.0 -9.0 7.0 -3.0 -2.0 -6.0 7.0 -5.0 5.0 -4.0 -9.0 -8.0 7.0 7.0 3.0 2.0 7.0 -3.0 -9.0 9.0 -1.0 -2.0 -10.0 6.0 7.0 9.0 -6.0 -9.0 -10.0 -3.0 0.0 -6.0 -6.0 -10.0 7.0 -6.0 9.0 -9.0 5.0 -10.0 -1.0 9.0 -8.0 -6.0 -3.0 -10.0 3.0 -7.0 -6.0 3.0 9.0 2.0 6.0 -2.0 -10.0 8.0 3.0 -7.0 6.0 7.0 4.0 -1.0 -10.0 -2.0 0.0 -9.0 2.0 1.0 6.0 -7.0 3.0 -5.0 0.0 7.0 -5.0 9.0 -1.0 5.0 -1.0 8.0 -6.0 1.0 8.0 4.0 55.0 -5.0 -8.0 -6.0 -2.0 -4.0 3.0 -28.0
-2.0 9.0 5.0 -1.0 0.0 1.0 -5.0 1.0 1.0 1.0 6.0 -1.0 4.0 2.0 7.0 4.0 -6.0 8.0 -4.0 -6.0 1.0 -6.0 -3.0 -2.0 5.0 5.0 -10.0 9.0 -3.0 8.0 9.0 -3.0 9.0 1.0 2.0 -7.0 -1.0 -8.0 5.0 -10.0 -10.0 3.0 2.0 5.0 7.0 -9.0 -10.0 -1.0 5.0 -7.0 3.0 6.0 -2.0 4.0 -4.0 -5.0 7.0 4.0 -7.0 2.0 -10.0 6.0 1.0 -9.0 8.0 6.0 -1.0 4.0 -10.0 -9.0 -8.0 7.0 -8.0 -1.0 8.0 -2.0 -4.0 -5.0 1.0 3.0 -5.0 -2.0 -9.0 9.0 -9.0 -5.0 7.0 0.0 6.0 -4.0 2.0 8.0 4.0 -10.0 68.0 2.0 -5.0 3.0 1.0 4.0 -6.0
-6.0 5.0 0.0 -4.0 -10.0 -5.0 4.0 3.0 -1.0 -1.0 -10.0 -6.0 -3.0 -8.0 -6.0 5.0 8.0 2.0 0.0 1.0 8.0 0.0 -8.0 0.0 2.0 -10.0 -7.0 6.0 4.0 4.0 3.0 -1.0 8.0 -10.0 0.0 -9.0 -9.0 8.0 6.0 9.0 7.0 2.0 -10.0 -1.0 3.0 -9.0 0.0 6.0 7.0 -9.0 -8.0 1.0 6.0 -4.0 9.0 5.0 -10.0 1.0 -7.0 -5.0 -7.0 3.0 -6.0 -6.0 0.0 -8.0 -3.0 9.0 -10.0 2.0 -6.0 -2.0 0.0 0.0 -1.0 4.0 -4.0 7.0 7.0 -2.0 -3.0 -4.0 -3.0 -9.0 1.0 0.0 2.0 9.0 6.0 2.0 -9.0 0.0 -8.0 -7.0 5.0 89.0 7.0 2.0 -9.0 5.0 -28.0
-10.0 4.0 4.0 7.0 -6.0 -3.0 -1.0 1.0 -8.0 -3.0 0.0 -3.0 3.0 3.0 -10.0 -4.0 0.0 0.0 2.0 -5.0 -4.0 2.0 2.0 9.0 4.0 9.0 0.0 -5.0 -2.0 3.0 -2.0 -6.0 4.0 4.0 -3.0 1.0 9.0 1.0 2.0 2.0 -4.0 7.0 -3.0 -9.0 -9.0 8.0 8.0 2.0 4.0 2.0 -9.0 -5.0 -9.0 3.0 9.0 -3.0 -7.0 2.0 6.0 -8.0 4.0 2.0 -9.0 -2.0 -7.0 -1.0 3.0 -10.0 7.0 9.0 8.0 -2.0 7.0 3.0 -4.0 -6.0 -4.0 7.0 2.0 2.0 -6.0 7.0 0.0 -1.0 -6.0 0.0 0.0 6.0 7.0 -1.0 5.0 3.0 -7.0 7.0 -2.0 2.0 59.0 4.0 5.0 8.0 -20.0
5.0 -9.0 -2.0 2.0 7.0 -9.0 -6.0 -8.0 0.0 2.0 5.0 7.0 -10.0 -8.0 1.0 -5.0 8.0 -3.0 2.0 -10.0 3.0 -6.0 4.0 8.0 -6.0 3.0 0.0 7.0 3.0 5.0 6.0 7.0 -2.0 0.0 9.0 -6.0 1.0 -1.0 -6.0 4.0 6.0 -7.0 -4.0 7.0 4.0 9.0 -7.0 2.0 -4.0 -10.0 -9.0 -10.0 5.0 1.0 4.0 2.0 9.0 -3.0 -5.0 3.0 9.0 -8.0 -7.0 -2.0 0.0 5.0 3.0 -6.0 -6.0 4.0 -4.0 -8.0 -10.0 -7.0 -8.0 -7.0 5.0 8.0 -5.0 2.0 6.0 -1.0 -3.0 -4.0 -3.0 -6.0 -5.0 -1.0 0.0 -10.0 -4.0 -8.0 7.0 4.0 -9.0 -8.0 6.0 51.0 -8.0 4.0 -8.0
-2.0 -7.0 1.0 -2.0 -9.0 -7.0 6.0 4.0 -2.0 5.0 -3.0 -4.0 -10.0 7.0 6.0 0.0 -4.0 7.0 -4.0 1.0 -5.0 -10.0 9.0 -7.0 -5.0 -8.0 -7.0 -8.0 -2.0 -9.0 8.0 -9.0 -2.0 1.0 -10.0 4.0 -10.0 -9.0 8.0 9.0 6.0 -7.0 8.0 -5.0 0.0 4.0 2.0 -7.0 0.0 7.0 0.0 -2.0 -6.0 3.0 0.0 -4.0 6.0 1.0 2.0 4.0 -2.0 -5.0 -9.0 -8.0 9.0 5.0 -4.0 -5.0 -9.0 -8.0 6.0 -8.0 2.0 -4.0 -3.0 -8.0 1.0 1.0 7.0 -1.0 -7.0 -3.0 5.0 6.0 8.0 7.0 -2.0 -3.0 -5.0 -8.0 -5.0 -2.0 -9.0 7.0 4.0 -2.0 8.0 -6.0 77.0 -10.0 35.0
5.0 -10.0 -5.0 1.0 8.0 -9.0 -5.0 -2.0 -4.0 9.0 -8.0 1.0 4.0 8.0 9.0 -10.0 -2.0 9.0 5.0 -6.0 -4.0 -1.0 -1.0 -6.0 -6.0 7.0 -7.0 9.0 -1.0 -7.0 -7.0 -7.0 -5.0 -8.0 2.0 -8.0 -8.0 3.0 6.0 -1.0 -2.0 3.0 -8.0 -5.0 -7.0 2.0 -4.0 -1.0 6.0 -8.0 3.0 2.0 -7.0 0.0 -1.0 -5.0 -4.0 -3.0 0.0 1.0 6.0 8.0 4.0 -8.0 6.0 -1.0 7.0 -5.0 9.0 -8.0 -7.0 5.0 8.0 9.0 -3.0 7.0 7.0 -2.0 -9.0 5.0 -7.0 -2.0 4.0 -2.0 1.0 1.0 3.0 -7.0 -3.0 -1.0 6.0 3.0 2.0 3.0 9.0 -3.0 5.0 4.0 9.0 68.0 6.0
